  time        n_up         n_down       trace       deltas      ldaggerl           j_left        j_right        j_all
0.053611   1.28228e-01  1.28228e-01   1.000e+00   4.72170e-06  1.33902e-01       2.34211e+03   2.52753e+03   4.86964e+03          7
0.125675   1.30037e-01  1.30033e-01   1.000e+00   9.99535e-06  6.19532e-02       5.31197e+03   5.73431e+03   1.10463e+04         13
0.212545   1.33960e-01  1.33949e-01   1.000e+00   1.59604e-05  3.93684e-02       8.47053e+03   9.15323e+03   1.76238e+04         19
0.326868   1.41596e-01  1.41565e-01   1.000e+00   2.28772e-05  4.39600e-02       1.18905e+04   1.28722e+04   2.47627e+04         25
0.477690   1.55076e-01  1.54992e-01   1.000e+00   3.02653e-05  6.24692e-02       1.53101e+04   1.66211e+04   3.19312e+04         31
0.618020   1.70244e-01  1.70083e-01   1.000e+00   3.60430e-05  7.91444e-02       1.76294e+04   1.91937e+04   3.68231e+04         43
0.758350   1.87261e-01  1.87002e-01   1.000e+00   4.09157e-05  9.25180e-02       1.93110e+04   2.10871e+04   4.03981e+04         49
0.895472   2.05178e-01  2.04807e-01   1.000e+00   4.47455e-05  1.01946e-01       2.04606e+04   2.24079e+04   4.28684e+04         55
1.026526   2.23127e-01  2.22630e-01   1.000e+00   4.70637e-05  1.07637e-01       2.11795e+04   2.32594e+04   4.44389e+04         61
1.156374   2.41422e-01  2.40769e-01   1.000e+00   4.81393e-05  1.10283e-01       2.15774e+04   2.37595e+04   4.53369e+04         67
1.284803   2.59778e-01  2.58928e-01   1.000e+00   4.82037e-05  1.10239e-01       2.17023e+04   2.39582e+04   4.56605e+04         73
1.409909   2.77717e-01  2.76616e-01   1.000e+00   4.80686e-05  1.07966e-01       2.15993e+04   2.39025e+04   4.55018e+04         79
1.532082   2.95132e-01  2.93715e-01   1.000e+00   4.77010e-05  1.03955e-01       2.13102e+04   2.36383e+04   4.49485e+04         85
1.655861   3.12533e-01  3.10712e-01   1.000e+00   4.68742e-05  9.84379e-02       2.08511e+04   2.31846e+04   4.40357e+04         91
1.779361   3.29528e-01  3.27213e-01   1.000e+00   4.54600e-05  9.18185e-02       2.02483e+04   2.25697e+04   4.28180e+04         97
1.900995   3.45802e-01  3.42911e-01   1.000e+00   4.37177e-05  8.45350e-02       1.95344e+04   2.18292e+04   4.13636e+04        103
2.022075   3.61455e-01  3.57906e-01   1.000e+00   4.18520e-05  7.68335e-02       1.87254e+04   2.09815e+04   3.97070e+04        109
2.145432   3.76764e-01  3.72465e-01   1.000e+00   4.02755e-05  6.88055e-02       1.78188e+04   2.00250e+04   3.78439e+04        115
2.271749   3.91706e-01  3.86562e-01   1.000e+00   3.91591e-05  6.06520e-02       1.68224e+04   1.89685e+04   3.57909e+04        121
2.400402   4.06102e-01  4.00029e-01   1.000e+00   3.85536e-05  5.26372e-02       1.57546e+04   1.78322e+04   3.35868e+04        127
2.530617   4.19787e-01  4.12709e-01   1.000e+00   3.83545e-05  4.49988e-02       1.46375e+04   1.66399e+04   3.12774e+04        133
2.660829   4.32550e-01  4.24414e-01   1.000e+00   3.85032e-05  3.79616e-02       1.35004e+04   1.54236e+04   2.89240e+04        139
2.790982   4.44369e-01  4.35132e-01   1.000e+00   3.88707e-05  3.16054e-02       1.23588e+04   1.42003e+04   2.65590e+04        145
2.923122   4.55407e-01  4.45015e-01   1.000e+00   3.93508e-05  2.58823e-02       1.12080e+04   1.29658e+04   2.41738e+04        151
3.057210   4.65623e-01  4.54032e-01   1.000e+00   3.98519e-05  2.08296e-02       1.00611e+04   1.17349e+04   2.17960e+04        157
3.193042   4.74981e-01  4.62155e-01   1.000e+00   4.02757e-05  1.64603e-02       8.93195e+03   1.05229e+04   1.94548e+04        163
3.330373   4.83457e-01  4.69373e-01   1.000e+00   4.05936e-05  1.27607e-02       7.83334e+03   9.34446e+03   1.71778e+04        169
3.468990   4.91047e-01  4.75690e-01   1.000e+00   4.07144e-05  9.69326e-03       6.77642e+03   8.21217e+03   1.49886e+04        175
3.608754   4.97764e-01  4.81129e-01   1.000e+00   4.06318e-05  7.20338e-03       5.77018e+03   7.13628e+03   1.29065e+04        181
3.749366   5.03631e-01  4.85720e-01   1.000e+00   4.02509e-05  5.22883e-03       4.82300e+03   6.12627e+03   1.09493e+04        187
3.890592   5.08682e-01  4.89507e-01   1.000e+00   3.96638e-05  3.70048e-03       3.94095e+03   5.18900e+03   9.12994e+03        193
4.032029   5.12958e-01  4.92540e-01   1.000e+00   3.87722e-05  2.54921e-03       3.12915e+03   4.33017e+03   7.45931e+03        199
4.173919   5.16529e-01  4.94889e-01   1.000e+00   3.76301e-05  1.70410e-03       2.38752e+03   3.54986e+03   5.93738e+03        205
4.316294   5.19453e-01  4.96619e-01   1.000e+00   3.62641e-05  1.10340e-03       1.71630e+03   2.84843e+03   4.56472e+03        211
4.458783   5.21786e-01  4.97790e-01   1.000e+00   3.47049e-05  6.93677e-04       1.11643e+03   2.22679e+03   3.34322e+03        217
4.600712   5.23583e-01  4.98468e-01   1.000e+00   3.30774e-05  4.28368e-04       5.88371e+02   1.68523e+03   2.27360e+03        223
4.742721   5.24918e-01  4.98726e-01   1.000e+00   3.13807e-05  2.66368e-04       1.26704e+02   1.21782e+03   1.34452e+03        229
4.885719   5.25852e-01  4.98624e-01   1.000e+00   2.96829e-05  1.75962e-04      -2.73977e+02   8.18473e+02   5.44497e+02        235
5.027360   5.26428e-01  4.98225e-01   1.000e+00   2.80654e-05  1.33901e-04      -6.10710e+02   4.89437e+02  -1.21273e+02        241
5.168891   5.26707e-01  4.97587e-01   1.000e+00   2.65296e-05  1.20714e-04      -8.91087e+02   2.22281e+02  -6.68805e+02        247
5.311615   5.26738e-01  4.96755e-01   1.000e+00   2.50847e-05  1.23167e-04      -1.12102e+03   1.03728e+01  -1.11065e+03        253
5.454494   5.26562e-01  4.95780e-01   1.000e+00   2.37361e-05  1.32117e-04      -1.30235e+03  -1.49071e+02  -1.45142e+03        259
5.596264   5.26224e-01  4.94717e-01   1.000e+00   2.24980e-05  1.41501e-04      -1.43826e+03  -2.60347e+02  -1.69861e+03        265
5.736245   5.25767e-01  4.93612e-01   1.000e+00   2.13592e-05  1.47963e-04      -1.53371e+03  -3.29362e+02  -1.86307e+03        271
5.875821   5.25223e-01  4.92486e-01   1.000e+00   2.03071e-05  1.50149e-04      -1.59475e+03  -3.62625e+02  -1.95738e+03        277
6.016257   5.24616e-01  4.91359e-01   1.000e+00   1.93247e-05  1.47776e-04      -1.62594e+03  -3.65090e+02  -1.99103e+03        283
6.157776   5.23969e-01  4.90250e-01   1.000e+00   1.84077e-05  1.41233e-04      -1.63093e+03  -3.40866e+02  -1.97179e+03        289
6.299635   5.23311e-01  4.89187e-01   1.000e+00   1.75547e-05  1.31403e-04      -1.61343e+03  -2.94268e+02  -1.90769e+03        295
6.440819   5.22667e-01  4.88191e-01   1.000e+00   1.67846e-05  1.19427e-04      -1.57752e+03  -2.29953e+02  -1.80747e+03        301
6.580853   5.22056e-01  4.87277e-01   1.000e+00   1.60782e-05  1.06396e-04      -1.52730e+03  -1.52358e+02  -1.67966e+03        307
6.721033   5.21485e-01  4.86441e-01   1.000e+00   1.54348e-05  9.30801e-05      -1.46574e+03  -6.43872e+01  -1.53013e+03        313
6.861106   5.20968e-01  4.85691e-01   1.000e+00   1.48473e-05  8.01994e-05      -1.39594e+03   3.06627e+01  -1.36528e+03        319
7.000143   5.20517e-01  4.85031e-01   1.000e+00   1.43237e-05  6.83465e-05      -1.32114e+03   1.29303e+02  -1.19183e+03        325
7.137293   5.20139e-01  4.84464e-01   1.000e+00   1.38563e-05  5.78920e-05      -1.24427e+03   2.28422e+02  -1.01585e+03        331
7.272818   5.19835e-01  4.83983e-01   1.000e+00   1.34426e-05  4.89495e-05      -1.16729e+03   3.26167e+02  -8.41123e+02        337
7.407889   5.19602e-01  4.83578e-01   1.000e+00   1.30758e-05  4.14806e-05      -1.09125e+03   4.21706e+02  -6.69540e+02        343
7.542632   5.19441e-01  4.83246e-01   1.000e+00   1.27500e-05  3.54483e-05      -1.01751e+03   5.13732e+02  -5.03773e+02        349
7.677353   5.19351e-01  4.82979e-01   1.000e+00   1.24619e-05  3.07571e-05      -9.47110e+02   6.01305e+02  -3.45805e+02        355
7.811540   5.19330e-01  4.82772e-01   1.000e+00   1.22096e-05  2.72974e-05      -8.81316e+02   6.83188e+02  -1.98128e+02        361
7.945099   5.19375e-01  4.82620e-01   1.000e+00   1.19872e-05  2.49090e-05      -8.20898e+02   7.58688e+02  -6.22099e+01        367
8.078284   5.19480e-01  4.82514e-01   1.000e+00   1.17954e-05  2.34192e-05      -7.66290e+02   8.27513e+02   6.12228e+01        373
8.211293   5.19643e-01  4.82449e-01   1.000e+00   1.16251e-05  2.26580e-05      -7.17802e+02   8.89478e+02   1.71676e+02        379
8.344508   5.19858e-01  4.82418e-01   1.000e+00   1.14749e-05  2.24681e-05      -6.75575e+02   9.44592e+02   2.69018e+02        385
8.477309   5.20119e-01  4.82415e-01   1.000e+00   1.13420e-05  2.27017e-05      -6.39937e+02   9.92589e+02   3.52652e+02        391
8.609688   5.20422e-01  4.82434e-01   1.000e+00   1.12235e-05  2.32222e-05      -6.10845e+02   1.03362e+03   4.22780e+02        397
8.741912   5.20760e-01  4.82468e-01   1.000e+00   1.11173e-05  2.39136e-05      -5.88111e+02   1.06803e+03   4.79921e+02        403
8.873867   5.21129e-01  4.82514e-01   1.000e+00   1.10235e-05  2.46786e-05      -5.71542e+02   1.09610e+03   5.24558e+02        409
9.005032   5.21520e-01  4.82566e-01   1.000e+00   1.09349e-05  2.54283e-05      -5.60878e+02   1.11815e+03   5.57274e+02        415
9.136850   5.21935e-01  4.82620e-01   1.000e+00   1.08525e-05  2.61097e-05      -5.55696e+02   1.13485e+03   5.79157e+02        421
9.268686   5.22365e-01  4.82672e-01   1.000e+00   1.07740e-05  2.66699e-05      -5.55686e+02   1.14651e+03   5.90829e+02        427
9.400021   5.22804e-01  4.82718e-01   1.000e+00   1.07003e-05  2.70768e-05      -5.60399e+02   1.15364e+03   5.93236e+02        433
9.531299   5.23250e-01  4.82755e-01   1.000e+00   1.06283e-05  2.73129e-05      -5.69380e+02   1.15676e+03   5.87380e+02        439
9.663151   5.23702e-01  4.82782e-01   1.000e+00   1.05571e-05  2.73712e-05      -5.82243e+02   1.15640e+03   5.74156e+02        445
9.794772   5.24152e-01  4.82796e-01   1.000e+00   1.04854e-05  2.72488e-05      -5.98455e+02   1.15302e+03   5.54564e+02        451
9.926266   5.24598e-01  4.82795e-01   1.000e+00   1.04280e-05  2.69675e-05      -6.17540e+02   1.14720e+03   5.29663e+02        457
10.059229   5.25043e-01  4.82778e-01   1.000e+00   1.03463e-05  2.65337e-05      -6.39276e+02   1.13932e+03   5.00045e+02        463
10.191804   5.25477e-01  4.82743e-01   1.000e+00   1.02738e-05  2.59684e-05      -6.62929e+02   1.12990e+03   4.66973e+02        469
10.323807   5.25899e-01  4.82692e-01   1.000e+00   1.01994e-05  2.53018e-05      -6.87997e+02   1.11944e+03   4.31444e+02        475
10.455728   5.26308e-01  4.82623e-01   1.000e+00   1.01229e-05  2.45559e-05      -7.14139e+02   1.10831e+03   3.94174e+02        481
10.587657   5.26703e-01  4.82537e-01   1.000e+00   1.00447e-05  2.37553e-05      -7.40975e+02   1.09688e+03   3.55906e+02        487
10.719400   5.27082e-01  4.82434e-01   1.000e+00   9.96786e-06  2.29241e-05      -7.68098e+02   1.08549e+03   3.17395e+02        493
10.851421   5.27446e-01  4.82315e-01   1.000e+00   9.88405e-06  2.20809e-05      -7.95276e+02   1.07441e+03   2.79132e+02        499
10.983090   5.27793e-01  4.82182e-01   1.000e+00   9.80117e-06  2.12452e-05      -8.22086e+02   1.06392e+03   2.41837e+02        505
11.114459   5.28123e-01  4.82036e-01   1.000e+00   9.71778e-06  2.04329e-05      -8.48285e+02   1.05424e+03   2.05960e+02        511
11.245698   5.28435e-01  4.81878e-01   1.000e+00   9.63374e-06  1.96534e-05      -8.73695e+02   1.04552e+03   1.71829e+02        517
11.377270   5.28732e-01  4.81708e-01   1.000e+00   9.55088e-06  1.89147e-05      -8.98226e+02   1.03787e+03   1.39641e+02        523
11.509522   5.29014e-01  4.81529e-01   1.000e+00   9.46492e-06  1.82153e-05      -9.21785e+02   1.03136e+03   1.09573e+02        529
11.641867   5.29281e-01  4.81341e-01   1.000e+00   9.37758e-06  1.75619e-05      -9.44152e+02   1.02609e+03   8.19381e+01        535
11.775862   5.29534e-01  4.81146e-01   1.000e+00   9.29045e-06  1.69503e-05      -9.65484e+02   1.02207e+03   5.65821e+01        541
11.909855   5.29772e-01  4.80945e-01   1.000e+00   9.20425e-06  1.63857e-05      -9.85445e+02   1.01935e+03   3.39076e+01        547
12.044122   5.29995e-01  4.80742e-01   1.000e+00   9.12244e-06  1.58632e-05      -1.00405e+03   1.01793e+03   1.38737e+01        553
12.180035   5.30206e-01  4.80535e-01   1.000e+00   9.03825e-06  1.53804e-05      -1.02147e+03   1.01775e+03  -3.72061e+00        559
12.313784   5.30400e-01  4.80332e-01   1.000e+00   8.95369e-06  1.49326e-05      -1.03726e+03   1.01878e+03  -1.84799e+01        565
12.449889   5.30583e-01  4.80127e-01   1.000e+00   8.86849e-06  1.45063e-05      -1.05199e+03   1.02094e+03  -3.10527e+01        571
12.587012   5.30754e-01  4.79924e-01   1.000e+00   8.78326e-06  1.41000e-05      -1.06555e+03   1.02417e+03  -4.13854e+01        577
12.725079   5.30914e-01  4.79725e-01   1.000e+00   8.69769e-06  1.37090e-05      -1.07800e+03   1.02838e+03  -4.96188e+01        583
12.863117   5.31061e-01  4.79532e-01   1.000e+00   8.61293e-06  1.33312e-05      -1.08933e+03   1.03345e+03  -5.58833e+01        589
13.001347   5.31196e-01  4.79347e-01   1.000e+00   8.52895e-06  1.29629e-05      -1.09966e+03   1.03927e+03  -6.03854e+01        595
13.139934   5.31319e-01  4.79170e-01   1.000e+00   8.44495e-06  1.26002e-05      -1.10911e+03   1.04577e+03  -6.33429e+01        601
13.278237   5.31431e-01  4.79003e-01   1.000e+00   8.36137e-06  1.22461e-05      -1.11776e+03   1.05278e+03  -6.49787e+01        607
13.416356   5.31531e-01  4.78846e-01   1.000e+00   8.27838e-06  1.18974e-05      -1.12574e+03   1.06023e+03  -6.55067e+01        613
13.553637   5.31619e-01  4.78702e-01   1.000e+00   8.19577e-06  1.15587e-05      -1.13311e+03   1.06798e+03  -6.51296e+01        619
13.690514   5.31697e-01  4.78569e-01   1.000e+00   8.11365e-06  1.12289e-05      -1.14003e+03   1.07596e+03  -6.40638e+01        625
13.827715   5.31763e-01  4.78448e-01   1.000e+00   8.03182e-06  1.09100e-05      -1.14663e+03   1.08415e+03  -6.24784e+01        631
13.965282   5.31819e-01  4.78339e-01   1.000e+00   7.94896e-06  1.06042e-05      -1.15301e+03   1.09246e+03  -6.05524e+01        637
14.103204   5.31864e-01  4.78242e-01   1.000e+00   7.86665e-06  1.03157e-05      -1.15930e+03   1.10084e+03  -5.84547e+01        643
14.239724   5.31898e-01  4.78159e-01   1.000e+00   7.78268e-06  1.00484e-05      -1.16546e+03   1.10914e+03  -5.63202e+01        649
14.372952   5.31921e-01  4.78091e-01   1.000e+00   7.70159e-06  9.80972e-06      -1.17150e+03   1.11719e+03  -5.43105e+01        655
14.506629   5.31933e-01  4.78034e-01   1.000e+00   7.62060e-06  9.59623e-06      -1.17763e+03   1.12516e+03  -5.24621e+01        661
14.643098   5.31934e-01  4.77989e-01   1.000e+00   7.53851e-06  9.40751e-06      -1.18400e+03   1.13318e+03  -5.08126e+01        667
14.780474   5.31924e-01  4.77956e-01   1.000e+00   7.45557e-06  9.24919e-06      -1.19054e+03   1.14109e+03  -4.94569e+01        673
14.916720   5.31903e-01  4.77936e-01   1.000e+00   7.37316e-06  9.12423e-06      -1.19717e+03   1.14873e+03  -4.84365e+01        679
15.051677   5.31870e-01  4.77928e-01   1.000e+00   7.29301e-06  9.03399e-06      -1.20384e+03   1.15607e+03  -4.77690e+01        685
15.186438   5.31826e-01  4.77932e-01   1.000e+00   7.21425e-06  8.97916e-06      -1.21056e+03   1.16312e+03  -4.74353e+01        691
15.321797   5.31770e-01  4.77948e-01   1.000e+00   7.13652e-06  8.95970e-06      -1.21732e+03   1.16992e+03  -4.73998e+01        697
15.457745   5.31703e-01  4.77975e-01   1.000e+00   7.06016e-06  8.97515e-06      -1.22405e+03   1.17641e+03  -4.76372e+01        703
15.593673   5.31623e-01  4.78014e-01   1.000e+00   6.98460e-06  9.02631e-06      -1.23064e+03   1.18254e+03  -4.80988e+01        709
15.728911   5.31533e-01  4.78063e-01   1.000e+00   6.91552e-06  9.11123e-06      -1.23699e+03   1.18825e+03  -4.87475e+01        715
15.865374   5.31430e-01  4.78124e-01   1.000e+00   6.84122e-06  9.23079e-06      -1.24311e+03   1.19358e+03  -4.95301e+01        721
16.001415   5.31317e-01  4.78195e-01   1.000e+00   6.77195e-06  9.38122e-06      -1.24884e+03   1.19843e+03  -5.04017e+01        727
16.136679   5.31192e-01  4.78276e-01   1.000e+00   6.70643e-06  9.56079e-06      -1.25409e+03   1.20278e+03  -5.13064e+01        733
16.271628   5.31058e-01  4.78367e-01   1.000e+00   6.64444e-06  9.76752e-06      -1.25881e+03   1.20662e+03  -5.21956e+01        739
16.406650   5.30913e-01  4.78468e-01   1.000e+00   6.58230e-06  9.99915e-06      -1.26298e+03   1.20994e+03  -5.30387e+01        745
16.541006   5.30758e-01  4.78577e-01   1.000e+00   6.52921e-06  1.02576e-05      -1.26650e+03   1.21272e+03  -5.37792e+01        751
16.673085   5.30597e-01  4.78694e-01   1.000e+00   6.47896e-06  1.05301e-05      -1.26929e+03   1.21493e+03  -5.43595e+01        757
16.805566   5.30426e-01  4.78820e-01   1.000e+00   6.43000e-06  1.08199e-05      -1.27141e+03   1.21663e+03  -5.47761e+01        763
16.940491   5.30243e-01  4.78957e-01   1.000e+00   6.38359e-06  1.11317e-05      -1.27285e+03   1.21781e+03  -5.50372e+01        769
17.075850   5.30051e-01  4.79103e-01   1.000e+00   6.34126e-06  1.14605e-05      -1.27353e+03   1.21842e+03  -5.51092e+01        775
17.211112   5.29850e-01  4.79257e-01   1.000e+00   6.30443e-06  1.18024e-05      -1.27346e+03   1.21846e+03  -5.49997e+01        781
17.347102   5.29640e-01  4.79420e-01   1.000e+00   6.26878e-06  1.21595e-05      -1.27262e+03   1.21792e+03  -5.47012e+01        787
17.483019   5.29422e-01  4.79592e-01   1.000e+00   6.23994e-06  1.25289e-05      -1.27103e+03   1.21681e+03  -5.42181e+01        793
17.618644   5.29198e-01  4.79771e-01   1.000e+00   6.21586e-06  1.29091e-05      -1.26870e+03   1.21513e+03  -5.35640e+01        799
17.755461   5.28964e-01  4.79959e-01   1.000e+00   6.19691e-06  1.33043e-05      -1.26562e+03   1.21288e+03  -5.27444e+01        805
17.892080   5.28723e-01  4.80156e-01   1.000e+00   6.18244e-06  1.37092e-05      -1.26186e+03   1.21007e+03  -5.17917e+01        811
18.028869   5.28475e-01  4.80360e-01   1.000e+00   6.17267e-06  1.41250e-05      -1.25745e+03   1.20671e+03  -5.07402e+01        817
18.166212   5.28220e-01  4.80572e-01   1.000e+00   6.16787e-06  1.45540e-05      -1.25242e+03   1.20280e+03  -4.96243e+01        823
18.303806   5.27957e-01  4.80792e-01   1.000e+00   6.17001e-06  1.49974e-05      -1.24683e+03   1.19835e+03  -4.84749e+01        829
18.440303   5.27690e-01  4.81018e-01   1.000e+00   6.17537e-06  1.54476e-05      -1.24078e+03   1.19345e+03  -4.73239e+01        835
18.577726   5.27416e-01  4.81253e-01   1.000e+00   6.18595e-06  1.59139e-05      -1.23425e+03   1.18804e+03  -4.62040e+01        841
18.715753   5.27133e-01  4.81496e-01   1.000e+00   6.20129e-06  1.63956e-05      -1.22730e+03   1.18214e+03  -4.51588e+01        847
18.853840   5.26844e-01  4.81746e-01   1.000e+00   6.22092e-06  1.68908e-05      -1.22003e+03   1.17581e+03  -4.42250e+01        853
18.991530   5.26550e-01  4.82003e-01   1.000e+00   6.24478e-06  1.73990e-05      -1.21253e+03   1.16908e+03  -4.34530e+01        859
19.128630   5.26251e-01  4.82265e-01   1.000e+00   6.27671e-06  1.79191e-05      -1.20487e+03   1.16201e+03  -4.28624e+01        865
19.265478   5.25946e-01  4.82534e-01   1.000e+00   6.30544e-06  1.84528e-05      -1.19709e+03   1.15463e+03  -4.24677e+01        871
19.402539   5.25634e-01  4.82809e-01   1.000e+00   6.34084e-06  1.90003e-05      -1.18921e+03   1.14693e+03  -4.22766e+01        877
19.540081   5.25315e-01  4.83092e-01   1.000e+00   6.37971e-06  1.95623e-05      -1.18126e+03   1.13898e+03  -4.22774e+01        883
19.677112   5.24990e-01  4.83381e-01   1.000e+00   6.42085e-06  2.01332e-05      -1.17334e+03   1.13087e+03  -4.24708e+01        889
19.814039   5.24660e-01  4.83675e-01   1.000e+00   6.46398e-06  2.07135e-05      -1.16547e+03   1.12262e+03  -4.28487e+01        895
19.951401   5.24321e-01  4.83977e-01   1.000e+00   6.50897e-06  2.13037e-05      -1.15766e+03   1.11428e+03  -4.33832e+01        901
20.089145   5.23975e-01  4.84285e-01   1.000e+00   6.55498e-06  2.19017e-05      -1.14994e+03   1.10589e+03  -4.40572e+01        907
20.227189   5.23622e-01  4.84600e-01   1.000e+00   6.60284e-06  2.25048e-05      -1.14236e+03   1.09752e+03  -4.48373e+01        913
20.365394   5.23261e-01  4.84922e-01   1.000e+00   6.64757e-06  2.31092e-05      -1.13495e+03   1.08925e+03  -4.57005e+01        919
20.504094   5.22893e-01  4.85250e-01   1.000e+00   6.69324e-06  2.37143e-05      -1.12772e+03   1.08111e+03  -4.66110e+01        925
20.642808   5.22518e-01  4.85584e-01   1.000e+00   6.73734e-06  2.43140e-05      -1.12073e+03   1.07321e+03  -4.75258e+01        931
20.781757   5.22136e-01  4.85924e-01   1.000e+00   6.78006e-06  2.49063e-05      -1.11400e+03   1.06557e+03  -4.84239e+01        937
20.920920   5.21748e-01  4.86270e-01   1.000e+00   6.81947e-06  2.54872e-05      -1.10754e+03   1.05827e+03  -4.92675e+01        943
21.060160   5.21353e-01  4.86621e-01   1.000e+00   6.85668e-06  2.60538e-05      -1.10140e+03   1.05136e+03  -5.00329e+01        949
21.198575   5.20956e-01  4.86976e-01   1.000e+00   6.89063e-06  2.65951e-05      -1.09562e+03   1.04495e+03  -5.06639e+01        955
21.336208   5.20555e-01  4.87333e-01   1.000e+00   6.91752e-06  2.71092e-05      -1.09024e+03   1.03907e+03  -5.11741e+01        961
21.475028   5.20146e-01  4.87697e-01   1.000e+00   6.94167e-06  2.76002e-05      -1.08521e+03   1.03368e+03  -5.15303e+01        967
21.615291   5.19728e-01  4.88070e-01   1.000e+00   6.96105e-06  2.80642e-05      -1.08054e+03   1.02882e+03  -5.17122e+01        973
21.756021   5.19304e-01  4.88448e-01   1.000e+00   6.97572e-06  2.84928e-05      -1.07629e+03   1.02459e+03  -5.17001e+01        979
21.896186   5.18879e-01  4.88828e-01   1.000e+00   6.98507e-06  2.88775e-05      -1.07252e+03   1.02106e+03  -5.14603e+01        985
22.035598   5.18453e-01  4.89210e-01   1.000e+00   6.98846e-06  2.92152e-05      -1.06925e+03   1.01825e+03  -5.10006e+01        991
22.174602   5.18025e-01  4.89594e-01   1.000e+00   6.98771e-06  2.95025e-05      -1.06648e+03   1.01616e+03  -5.03180e+01        997
22.313662   5.17595e-01  4.89980e-01   1.000e+00   6.98146e-06  2.97375e-05      -1.06423e+03   1.01481e+03  -4.94215e+01       1003
22.452989   5.17163e-01  4.90370e-01   1.000e+00   6.97067e-06  2.99156e-05      -1.06251e+03   1.01420e+03  -4.83045e+01       1009
22.592729   5.16729e-01  4.90762e-01   1.000e+00   6.95492e-06  3.00325e-05      -1.06132e+03   1.01437e+03  -4.69452e+01       1015
22.732420   5.16295e-01  4.91156e-01   1.000e+00   6.93696e-06  3.00857e-05      -1.06071e+03   1.01530e+03  -4.54099e+01       1021
22.870740   5.15865e-01  4.91547e-01   1.000e+00   6.91166e-06  3.00714e-05      -1.06069e+03   1.01699e+03  -4.37030e+01       1027
23.009210   5.15437e-01  4.91939e-01   1.000e+00   6.88469e-06  2.99874e-05      -1.06125e+03   1.01943e+03  -4.18149e+01       1033
23.148581   5.15007e-01  4.92333e-01   1.000e+00   6.85777e-06  2.98309e-05      -1.06241e+03   1.02264e+03  -3.97681e+01       1039
23.288584   5.14578e-01  4.92728e-01   1.000e+00   6.82186e-06  2.95995e-05      -1.06419e+03   1.02661e+03  -3.75864e+01       1045
23.428995   5.14151e-01  4.93123e-01   1.000e+00   6.78662e-06  2.92918e-05      -1.06659e+03   1.03133e+03  -3.52645e+01       1051
23.569774   5.13727e-01  4.93517e-01   1.000e+00   6.74983e-06  2.89074e-05      -1.06962e+03   1.03677e+03  -3.28440e+01       1057
23.709273   5.13312e-01  4.93904e-01   1.000e+00   6.71218e-06  2.84522e-05      -1.07322e+03   1.04284e+03  -3.03746e+01       1063
23.847028   5.12908e-01  4.94284e-01   1.000e+00   6.67490e-06  2.79311e-05      -1.07735e+03   1.04948e+03  -2.78702e+01       1069
23.984205   5.12511e-01  4.94658e-01   1.000e+00   6.63501e-06  2.73434e-05      -1.08203e+03   1.05668e+03  -2.53461e+01       1075
24.122556   5.12118e-01  4.95030e-01   1.000e+00   6.59546e-06  2.66855e-05      -1.08729e+03   1.06452e+03  -2.27685e+01       1081
24.262085   5.11728e-01  4.95401e-01   1.000e+00   6.55556e-06  2.59603e-05      -1.09315e+03   1.07297e+03  -2.01736e+01       1087
24.401635   5.11347e-01  4.95766e-01   1.000e+00   6.51609e-06  2.51784e-05      -1.09951e+03   1.08193e+03  -1.75833e+01       1093
24.540251   5.10977e-01  4.96121e-01   1.000e+00   6.47707e-06  2.43512e-05      -1.10632e+03   1.09128e+03  -1.50397e+01       1099
24.677738   5.10620e-01  4.96467e-01   1.000e+00   6.43849e-06  2.34880e-05      -1.11354e+03   1.10097e+03  -1.25762e+01       1105
24.815034   5.10273e-01  4.96804e-01   1.000e+00   6.40056e-06  2.25913e-05      -1.12118e+03   1.11100e+03  -1.01816e+01       1111
24.954185   5.09931e-01  4.97138e-01   1.000e+00   6.36249e-06  2.16557e-05      -1.12932e+03   1.12148e+03  -7.84058e+00       1117
25.093979   5.09599e-01  4.97464e-01   1.000e+00   6.32509e-06  2.06977e-05      -1.13788e+03   1.13231e+03  -5.57323e+00       1123
25.232680   5.09281e-01  4.97778e-01   1.000e+00   6.28877e-06  1.97381e-05      -1.14672e+03   1.14329e+03  -3.43628e+00       1129
25.368958   5.08980e-01  4.98077e-01   1.000e+00   6.25362e-06  1.87950e-05      -1.15570e+03   1.15425e+03  -1.44641e+00       1135
25.503743   5.08694e-01  4.98363e-01   1.000e+00   6.21888e-06  1.78690e-05      -1.16484e+03   1.16522e+03   3.80725e-01       1141
25.640478   5.08415e-01  4.98642e-01   1.000e+00   6.18399e-06  1.69452e-05      -1.17435e+03   1.17645e+03   2.10221e+00       1147
25.779739   5.08145e-01  4.98916e-01   1.000e+00   6.14915e-06  1.60293e-05      -1.18423e+03   1.18795e+03   3.72051e+00       1153
25.919928   5.07885e-01  4.99179e-01   1.000e+00   6.11510e-06  1.51400e-05      -1.19434e+03   1.19954e+03   5.20275e+00       1159
26.058978   5.07641e-01  4.99428e-01   1.000e+00   6.08220e-06  1.42968e-05      -1.20450e+03   1.21100e+03   6.49736e+00       1165
26.196230   5.07413e-01  4.99662e-01   1.000e+00   6.04971e-06  1.35072e-05      -1.21464e+03   1.22224e+03   7.60338e+00       1171
26.333124   5.07199e-01  4.99883e-01   1.000e+00   6.01748e-06  1.27667e-05      -1.22481e+03   1.23335e+03   8.53589e+00       1177
26.471274   5.06996e-01  5.00094e-01   1.000e+00   5.98536e-06  1.20709e-05      -1.23511e+03   1.24442e+03   9.31061e+00       1183
26.610471   5.06805e-01  5.00294e-01   1.000e+00   5.95378e-06  1.14251e-05      -1.24547e+03   1.25539e+03   9.91711e+00       1189
26.749843   5.06626e-01  5.00480e-01   1.000e+00   5.92264e-06  1.08353e-05      -1.25582e+03   1.26617e+03   1.03540e+01       1195
26.888510   5.06462e-01  5.00654e-01   1.000e+00   5.89240e-06  1.03052e-05      -1.26605e+03   1.27665e+03   1.05993e+01       1201
27.026832   5.06312e-01  5.00814e-01   1.000e+00   5.86179e-06  9.83283e-06      -1.27616e+03   1.28683e+03   1.06678e+01       1207
27.165395   5.06173e-01  5.00961e-01   1.000e+00   5.83198e-06  9.41520e-06      -1.28617e+03   1.29674e+03   1.05719e+01       1213
27.304451   5.06047e-01  5.01096e-01   1.000e+00   5.80307e-06  9.05007e-06      -1.29607e+03   1.30638e+03   1.03117e+01       1219
27.443866   5.05933e-01  5.01219e-01   1.000e+00   5.77385e-06  8.73570e-06      -1.30582e+03   1.31570e+03   9.88495e+00       1225
27.583603   5.05831e-01  5.01330e-01   1.000e+00   5.74480e-06  8.46972e-06      -1.31539e+03   1.32470e+03   9.31094e+00       1231
27.724617   5.05740e-01  5.01429e-01   1.000e+00   5.71663e-06  8.24779e-06      -1.32482e+03   1.33340e+03   8.58035e+00       1237
27.864411   5.05661e-01  5.01514e-01   1.000e+00   5.68927e-06  8.06920e-06      -1.33393e+03   1.34163e+03   7.70207e+00       1243
28.003629   5.05594e-01  5.01588e-01   1.000e+00   5.66231e-06  7.92873e-06      -1.34275e+03   1.34944e+03   6.68777e+00       1249
28.142846   5.05538e-01  5.01649e-01   1.000e+00   5.63579e-06  7.82172e-06      -1.35129e+03   1.35685e+03   5.56084e+00       1255
28.282279   5.05491e-01  5.01700e-01   1.000e+00   5.60984e-06  7.74422e-06      -1.35956e+03   1.36388e+03   4.32978e+00       1261
28.421916   5.05455e-01  5.01739e-01   1.000e+00   5.58439e-06  7.69230e-06      -1.36752e+03   1.37053e+03   3.00397e+00       1267
28.561256   5.05428e-01  5.01768e-01   1.000e+00   5.55956e-06  7.66240e-06      -1.37516e+03   1.37677e+03   1.60646e+00       1273
28.700169   5.05411e-01  5.01786e-01   1.000e+00   5.53526e-06  7.65066e-06      -1.38244e+03   1.38259e+03   1.49758e-01       1279
28.839477   5.05402e-01  5.01795e-01   1.000e+00   5.51138e-06  7.65386e-06      -1.38941e+03   1.38805e+03  -1.36269e+00       1285
28.979337   5.05402e-01  5.01793e-01   1.000e+00   5.48788e-06  7.66922e-06      -1.39607e+03   1.39315e+03  -2.91560e+00       1291
29.119481   5.05409e-01  5.01783e-01   1.000e+00   5.46504e-06  7.69404e-06      -1.40239e+03   1.39789e+03  -4.49330e+00       1297
29.260087   5.05424e-01  5.01763e-01   1.000e+00   5.44259e-06  7.72585e-06      -1.40837e+03   1.40229e+03  -6.08667e+00       1303
29.400284   5.05446e-01  5.01735e-01   1.000e+00   5.42080e-06  7.76221e-06      -1.41398e+03   1.40631e+03  -7.66946e+00       1309
29.539788   5.05475e-01  5.01698e-01   1.000e+00   5.39959e-06  7.80098e-06      -1.41921e+03   1.40999e+03  -9.22625e+00       1315
29.679216   5.05510e-01  5.01655e-01   1.000e+00   5.37883e-06  7.84085e-06      -1.42409e+03   1.41334e+03  -1.07487e+01       1321
29.819122   5.05551e-01  5.01603e-01   1.000e+00   5.35829e-06  7.88077e-06      -1.42863e+03   1.41640e+03  -1.22308e+01       1327
29.959392   5.05598e-01  5.01545e-01   1.000e+00   5.33841e-06  7.91976e-06      -1.43284e+03   1.41917e+03  -1.36660e+01       1333
30.099668   5.05651e-01  5.01480e-01   1.000e+00   5.31895e-06  7.95651e-06      -1.43670e+03   1.42167e+03  -1.50362e+01       1339
30.239681   5.05708e-01  5.01409e-01   1.000e+00   5.29997e-06  7.99076e-06      -1.44023e+03   1.42390e+03  -1.63294e+01       1345
30.378736   5.05769e-01  5.01333e-01   1.000e+00   5.28158e-06  8.02102e-06      -1.44341e+03   1.42587e+03  -1.75393e+01       1351
30.517299   5.05835e-01  5.01252e-01   1.000e+00   5.26384e-06  8.04754e-06      -1.44626e+03   1.42760e+03  -1.86591e+01       1357
30.657299   5.05905e-01  5.01165e-01   1.000e+00   5.24530e-06  8.07049e-06      -1.44883e+03   1.42913e+03  -1.97020e+01       1363
30.798302   5.05979e-01  5.01073e-01   1.000e+00   5.22777e-06  8.08987e-06      -1.45112e+03   1.43047e+03  -2.06571e+01       1369
30.939091   5.06057e-01  5.00976e-01   1.000e+00   5.21063e-06  8.10504e-06      -1.45312e+03   1.43161e+03  -2.15138e+01       1375
31.079372   5.06138e-01  5.00876e-01   1.000e+00   5.19384e-06  8.11641e-06      -1.45483e+03   1.43256e+03  -2.22710e+01       1381
31.219178   5.06222e-01  5.00773e-01   1.000e+00   5.17761e-06  8.12349e-06      -1.45627e+03   1.43335e+03  -2.29165e+01       1387
31.358612   5.06308e-01  5.00666e-01   1.000e+00   5.16134e-06  8.12621e-06      -1.45744e+03   1.43397e+03  -2.34697e+01       1393
31.499397   5.06398e-01  5.00556e-01   1.000e+00   5.14558e-06  8.12527e-06      -1.45839e+03   1.43445e+03  -2.39355e+01       1399
31.641324   5.06491e-01  5.00442e-01   1.000e+00   5.12991e-06  8.12096e-06      -1.45909e+03   1.43481e+03  -2.42838e+01       1405
31.782566   5.06585e-01  5.00326e-01   1.000e+00   5.11445e-06  8.11270e-06      -1.45956e+03   1.43503e+03  -2.45380e+01       1411
31.923246   5.06682e-01  5.00208e-01   1.000e+00   5.09957e-06  8.10086e-06      -1.45982e+03   1.43512e+03  -2.46984e+01       1417
32.063850   5.06780e-01  5.00088e-01   1.000e+00   5.08421e-06  8.08557e-06      -1.45988e+03   1.43510e+03  -2.47730e+01       1423
32.205106   5.06880e-01  4.99966e-01   1.000e+00   5.06929e-06  8.06713e-06      -1.45974e+03   1.43498e+03  -2.47581e+01       1429
32.346335   5.06982e-01  4.99842e-01   1.000e+00   5.05462e-06  8.04573e-06      -1.45941e+03   1.43475e+03  -2.46642e+01       1435
32.487578   5.07085e-01  4.99717e-01   1.000e+00   5.04026e-06  8.02149e-06      -1.45891e+03   1.43442e+03  -2.44952e+01       1441
32.628805   5.07189e-01  4.99591e-01   1.000e+00   5.02596e-06  7.99447e-06      -1.45825e+03   1.43399e+03  -2.42601e+01       1447
32.770125   5.07295e-01  4.99464e-01   1.000e+00   5.01186e-06  7.96473e-06      -1.45743e+03   1.43347e+03  -2.39618e+01       1453
32.911542   5.07402e-01  4.99337e-01   1.000e+00   4.99790e-06  7.93235e-06      -1.45646e+03   1.43286e+03  -2.36038e+01       1459
33.053130   5.07510e-01  4.99208e-01   1.000e+00   4.98404e-06  7.89733e-06      -1.45535e+03   1.43216e+03  -2.31949e+01       1465
33.195074   5.07618e-01  4.99079e-01   1.000e+00   4.97025e-06  7.85992e-06      -1.45411e+03   1.43137e+03  -2.27407e+01       1471
33.337183   5.07728e-01  4.98950e-01   1.000e+00   4.95663e-06  7.82019e-06      -1.45275e+03   1.43050e+03  -2.22472e+01       1477
33.479117   5.07837e-01  4.98821e-01   1.000e+00   4.94313e-06  7.77820e-06      -1.45127e+03   1.42954e+03  -2.17223e+01       1483
33.620970   5.07948e-01  4.98691e-01   1.000e+00   4.92969e-06  7.73402e-06      -1.44968e+03   1.42851e+03  -2.11720e+01       1489
33.763142   5.08058e-01  4.98562e-01   1.000e+00   4.91636e-06  7.68766e-06      -1.44799e+03   1.42739e+03  -2.05979e+01       1495
33.905463   5.08169e-01  4.98433e-01   1.000e+00   4.90311e-06  7.63929e-06      -1.44620e+03   1.42619e+03  -2.00058e+01       1501
34.047929   5.08280e-01  4.98305e-01   1.000e+00   4.88995e-06  7.58890e-06      -1.44431e+03   1.42491e+03  -1.94011e+01       1507
34.190609   5.08392e-01  4.98176e-01   1.000e+00   4.87698e-06  7.53676e-06      -1.44233e+03   1.42355e+03  -1.87896e+01       1513
34.332633   5.08502e-01  4.98049e-01   1.000e+00   4.86396e-06  7.48273e-06      -1.44029e+03   1.42211e+03  -1.81771e+01       1519
34.475246   5.08613e-01  4.97923e-01   1.000e+00   4.85093e-06  7.42685e-06      -1.43815e+03   1.42059e+03  -1.75553e+01       1525
34.618376   5.08724e-01  4.97796e-01   1.000e+00   4.83797e-06  7.36925e-06      -1.43592e+03   1.41899e+03  -1.69292e+01       1531
34.761649   5.08835e-01  4.97671e-01   1.000e+00   4.82506e-06  7.31020e-06      -1.43362e+03   1.41731e+03  -1.63073e+01       1537
34.904849   5.08945e-01  4.97547e-01   1.000e+00   4.81217e-06  7.24960e-06      -1.43125e+03   1.41556e+03  -1.56890e+01       1543
35.048619   5.09054e-01  4.97423e-01   1.000e+00   4.79937e-06  7.18764e-06      -1.42880e+03   1.41373e+03  -1.50757e+01       1549
35.192352   5.09164e-01  4.97300e-01   1.000e+00   4.78658e-06  7.12450e-06      -1.42629e+03   1.41182e+03  -1.44707e+01       1555
35.335631   5.09272e-01  4.97180e-01   1.000e+00   4.77387e-06  7.06034e-06      -1.42372e+03   1.40984e+03  -1.38782e+01       1561
35.478998   5.09379e-01  4.97060e-01   1.000e+00   4.76113e-06  6.99508e-06      -1.42109e+03   1.40779e+03  -1.32960e+01       1567
35.622614   5.09486e-01  4.96942e-01   1.000e+00   4.74841e-06  6.92880e-06      -1.41840e+03   1.40567e+03  -1.27255e+01       1573
35.766492   5.09592e-01  4.96825e-01   1.000e+00   4.73570e-06  6.86160e-06      -1.41564e+03   1.40348e+03  -1.21667e+01       1579
35.910414   5.09697e-01  4.96709e-01   1.000e+00   4.72303e-06  6.79368e-06      -1.41284e+03   1.40121e+03  -1.16228e+01       1585
36.054234   5.09800e-01  4.96595e-01   1.000e+00   4.71033e-06  6.72515e-06      -1.40998e+03   1.39888e+03  -1.10968e+01       1591
36.198435   5.09903e-01  4.96482e-01   1.000e+00   4.69769e-06  6.65598e-06      -1.40707e+03   1.39648e+03  -1.05826e+01       1597
36.342842   5.10005e-01  4.96371e-01   1.000e+00   4.68513e-06  6.58643e-06      -1.40410e+03   1.39401e+03  -1.00851e+01       1603
36.487281   5.10106e-01  4.96262e-01   1.000e+00   4.67250e-06  6.51652e-06      -1.40109e+03   1.39148e+03  -9.61041e+00       1609
36.632065   5.10205e-01  4.96154e-01   1.000e+00   4.65990e-06  6.44634e-06      -1.39803e+03   1.38888e+03  -9.14746e+00       1615
36.776789   5.10303e-01  4.96048e-01   1.000e+00   4.64719e-06  6.37608e-06      -1.39493e+03   1.38623e+03  -8.70239e+00       1621
36.921584   5.10400e-01  4.95944e-01   1.000e+00   4.63466e-06  6.30584e-06      -1.39179e+03   1.38352e+03  -8.27294e+00       1627
37.066490   5.10495e-01  4.95841e-01   1.000e+00   4.62203e-06  6.23571e-06      -1.38861e+03   1.38075e+03  -7.85918e+00       1633
37.211649   5.10589e-01  4.95741e-01   1.000e+00   4.60938e-06  6.16572e-06      -1.38539e+03   1.37793e+03  -7.46013e+00       1639
37.356947   5.10681e-01  4.95642e-01   1.000e+00   4.59677e-06  6.09604e-06      -1.38213e+03   1.37505e+03  -7.07702e+00       1645
37.502300   5.10772e-01  4.95545e-01   1.000e+00   4.58419e-06  6.02680e-06      -1.37884e+03   1.37213e+03  -6.70791e+00       1651
37.647552   5.10860e-01  4.95450e-01   1.000e+00   4.57162e-06  5.95809e-06      -1.37552e+03   1.36917e+03  -6.35636e+00       1657
37.793097   5.10948e-01  4.95357e-01   1.000e+00   4.55903e-06  5.88992e-06      -1.37217e+03   1.36615e+03  -6.01817e+00       1663
37.938898   5.11034e-01  4.95266e-01   1.000e+00   4.54647e-06  5.82235e-06      -1.36879e+03   1.36310e+03  -5.69328e+00       1669
38.084793   5.11118e-01  4.95177e-01   1.000e+00   4.53394e-06  5.75549e-06      -1.36538e+03   1.36000e+03  -5.38177e+00       1675
38.230695   5.11200e-01  4.95090e-01   1.000e+00   4.52137e-06  5.68965e-06      -1.36195e+03   1.35687e+03  -5.07273e+00       1681
38.376303   5.11280e-01  4.95005e-01   1.000e+00   4.50886e-06  5.62473e-06      -1.35850e+03   1.35372e+03  -4.78486e+00       1687
38.521768   5.11358e-01  4.94923e-01   1.000e+00   4.49679e-06  5.56075e-06      -1.35505e+03   1.35053e+03  -4.51556e+00       1693
38.668290   5.11435e-01  4.94842e-01   1.000e+00   4.48358e-06  5.49741e-06      -1.35156e+03   1.34730e+03  -4.25637e+00       1699
38.815479   5.11511e-01  4.94763e-01   1.000e+00   4.47122e-06  5.43519e-06      -1.34803e+03   1.34404e+03  -3.99151e+00       1705
38.961692   5.11583e-01  4.94686e-01   1.000e+00   4.45876e-06  5.37432e-06      -1.34451e+03   1.34076e+03  -3.75252e+00       1711
39.107537   5.11654e-01  4.94612e-01   1.000e+00   4.44643e-06  5.31475e-06      -1.34100e+03   1.33747e+03  -3.52763e+00       1717
39.254191   5.11723e-01  4.94540e-01   1.000e+00   4.43381e-06  5.25613e-06      -1.33746e+03   1.33415e+03  -3.31106e+00       1723
39.401700   5.11791e-01  4.94470e-01   1.000e+00   4.42133e-06  5.19860e-06      -1.33389e+03   1.33080e+03  -3.09945e+00       1729
39.548951   5.11856e-01  4.94402e-01   1.000e+00   4.40891e-06  5.14246e-06      -1.33033e+03   1.32743e+03  -2.89836e+00       1735
39.696058   5.11919e-01  4.94336e-01   1.000e+00   4.39654e-06  5.08769e-06      -1.32676e+03   1.32406e+03  -2.70445e+00       1741
39.843318   5.11980e-01  4.94272e-01   1.000e+00   4.38411e-06  5.03417e-06      -1.32319e+03   1.32067e+03  -2.52258e+00       1747
39.992268   5.12040e-01  4.94210e-01   1.000e+00   4.37165e-06  4.98176e-06      -1.31958e+03   1.31724e+03  -2.33695e+00       1753
40.140475   5.12097e-01  4.94151e-01   1.000e+00   4.35935e-06  4.93099e-06      -1.31598e+03   1.31382e+03  -2.15987e+00       1759
40.287581   5.12152e-01  4.94095e-01   1.000e+00   4.34708e-06  4.88186e-06      -1.31241e+03   1.31043e+03  -1.98928e+00       1765
40.434929   5.12204e-01  4.94040e-01   1.000e+00   4.33483e-06  4.83412e-06      -1.30884e+03   1.30702e+03  -1.82028e+00       1771
40.582889   5.12255e-01  4.93988e-01   1.000e+00   4.32256e-06  4.78770e-06      -1.30526e+03   1.30361e+03  -1.65751e+00       1777
40.731564   5.12304e-01  4.93937e-01   1.000e+00   4.31037e-06  4.74268e-06      -1.30167e+03   1.30017e+03  -1.49652e+00       1783
40.879916   5.12351e-01  4.93890e-01   1.000e+00   4.29833e-06  4.69918e-06      -1.29809e+03   1.29675e+03  -1.34361e+00       1789
41.028037   5.12395e-01  4.93844e-01   1.000e+00   4.28616e-06  4.65718e-06      -1.29453e+03   1.29333e+03  -1.19691e+00       1795
41.176391   5.12437e-01  4.93801e-01   1.000e+00   4.27411e-06  4.61665e-06      -1.29097e+03   1.28992e+03  -1.05427e+00       1801
41.324885   5.12477e-01  4.93760e-01   1.000e+00   4.26209e-06  4.57757e-06      -1.28742e+03   1.28651e+03  -9.17779e-01       1807
41.473473   5.12515e-01  4.93721e-01   1.000e+00   4.25012e-06  4.53995e-06      -1.28388e+03   1.28310e+03  -7.86753e-01       1813
41.622093   5.12551e-01  4.93684e-01   1.000e+00   4.23821e-06  4.50380e-06      -1.28036e+03   1.27969e+03  -6.61460e-01       1819
41.770826   5.12585e-01  4.93650e-01   1.000e+00   4.22635e-06  4.46909e-06      -1.27684e+03   1.27630e+03  -5.41869e-01       1825
41.919679   5.12617e-01  4.93618e-01   1.000e+00   4.21452e-06  4.43582e-06      -1.27334e+03   1.27291e+03  -4.28940e-01       1831
42.068705   5.12646e-01  4.93588e-01   1.000e+00   4.20276e-06  4.40397e-06      -1.26985e+03   1.26953e+03  -3.22109e-01       1837
42.217957   5.12674e-01  4.93560e-01   1.000e+00   4.19104e-06  4.37354e-06      -1.26638e+03   1.26616e+03  -2.20147e-01       1843
42.367243   5.12699e-01  4.93535e-01   1.000e+00   4.17937e-06  4.34452e-06      -1.26292e+03   1.26280e+03  -1.25970e-01       1849
42.516622   5.12722e-01  4.93512e-01   1.000e+00   4.16782e-06  4.31695e-06      -1.25949e+03   1.25945e+03  -3.64113e-02       1855
42.666102   5.12743e-01  4.93491e-01   1.000e+00   4.15626e-06  4.29074e-06      -1.25607e+03   1.25612e+03   4.72407e-02       1861
42.815521   5.12762e-01  4.93472e-01   1.000e+00   4.14487e-06  4.26595e-06      -1.25267e+03   1.25280e+03   1.24012e-01       1867
42.965197   5.12779e-01  4.93455e-01   1.000e+00   4.13347e-06  4.24250e-06      -1.24930e+03   1.24949e+03   1.95260e-01       1873
43.114895   5.12793e-01  4.93441e-01   1.000e+00   4.12214e-06  4.22039e-06      -1.24594e+03   1.24620e+03   2.59984e-01       1879
43.264671   5.12806e-01  4.93429e-01   1.000e+00   4.11088e-06  4.19963e-06      -1.24261e+03   1.24293e+03   3.18739e-01       1885
43.414620   5.12816e-01  4.93419e-01   1.000e+00   4.09968e-06  4.18019e-06      -1.23930e+03   1.23968e+03   3.72286e-01       1891
43.564603   5.12824e-01  4.93411e-01   1.000e+00   4.08858e-06  4.16207e-06      -1.23602e+03   1.23644e+03   4.20408e-01       1897
43.714584   5.12831e-01  4.93405e-01   1.000e+00   4.07754e-06  4.14525e-06      -1.23276e+03   1.23323e+03   4.63180e-01       1903
43.864600   5.12835e-01  4.93401e-01   1.000e+00   4.06659e-06  4.12970e-06      -1.22953e+03   1.23003e+03   5.00790e-01       1909
44.014719   5.12837e-01  4.93400e-01   1.000e+00   4.05571e-06  4.11545e-06      -1.22632e+03   1.22686e+03   5.34257e-01       1915
44.164950   5.12837e-01  4.93400e-01   1.000e+00   4.04492e-06  4.10253e-06      -1.22314e+03   1.22371e+03   5.62595e-01       1921
44.315220   5.12835e-01  4.93403e-01   1.000e+00   4.03434e-06  4.09098e-06      -1.21999e+03   1.22057e+03   5.82497e-01       1927
44.465450   5.12831e-01  4.93407e-01   1.000e+00   4.02370e-06  4.08071e-06      -1.21687e+03   1.21747e+03   6.07477e-01       1933
44.616300   5.12824e-01  4.93414e-01   1.000e+00   4.01321e-06  4.07206e-06      -1.21376e+03   1.21438e+03   6.28217e-01       1939
44.766517   5.12816e-01  4.93423e-01   1.000e+00   4.00276e-06  4.06469e-06      -1.21069e+03   1.21133e+03   6.46957e-01       1945
44.916568   5.12806e-01  4.93434e-01   1.000e+00   3.99244e-06  4.05890e-06      -1.20765e+03   1.20831e+03   6.64335e-01       1951
45.066557   5.12794e-01  4.93446e-01   1.000e+00   3.98223e-06  4.05488e-06      -1.20464e+03   1.20531e+03   6.79509e-01       1957
45.216670   5.12780e-01  4.93461e-01   1.000e+00   3.97228e-06  4.05337e-06      -1.20165e+03   1.20235e+03   6.96738e-01       1963
45.367177   5.12764e-01  4.93478e-01   1.000e+00   3.96224e-06  4.05519e-06      -1.19868e+03   1.19939e+03   7.08731e-01       1969
45.517032   5.12746e-01  4.93496e-01   1.000e+00   3.95234e-06  4.05977e-06      -1.19576e+03   1.19648e+03   7.23116e-01       1975
45.666471   5.12726e-01  4.93517e-01   1.000e+00   3.94250e-06  4.06768e-06      -1.19287e+03   1.19361e+03   7.39434e-01       1981
45.815819   5.12705e-01  4.93539e-01   1.000e+00   3.93279e-06  4.08067e-06      -1.19001e+03   1.19077e+03   7.56034e-01       1987
45.965089   5.12681e-01  4.93563e-01   1.000e+00   3.92313e-06  4.09983e-06      -1.18718e+03   1.18796e+03   7.75077e-01       1993
