0.038877   1.28030e-01  1.28029e-01   1.000e+00   2.26907e-07  1.60396e-01       1.69902e+03   1.83044e+03   3.52945e+03          7
0.086003   1.28857e-01  1.28855e-01   1.000e+00   3.33619e-07  9.19661e-02       3.69212e+03   3.98202e+03   7.67414e+03         13
0.140983   1.30569e-01  1.30564e-01   1.000e+00   4.54994e-07  5.46756e-02       5.86826e+03   6.33403e+03   1.22023e+04         19
0.210423   1.33787e-01  1.33776e-01   1.000e+00   5.92581e-07  3.95376e-02       8.34207e+03   9.01345e+03   1.73555e+04         25
0.299330   1.39417e-01  1.39396e-01   1.000e+00   7.40223e-07  4.13801e-02       1.10573e+04   1.19647e+04   2.30220e+04         31
0.395795   1.47147e-01  1.47111e-01   1.000e+00   8.68887e-07  5.19291e-02       1.34873e+04   1.46196e+04   2.81068e+04         37
0.496174   1.56661e-01  1.56605e-01   1.000e+00   9.72965e-07  6.45631e-02       1.55386e+04   1.68754e+04   3.24140e+04         43
0.597032   1.67448e-01  1.67366e-01   1.000e+00   1.05383e-06  7.63624e-02       1.71979e+04   1.87147e+04   3.59127e+04         49
0.699393   1.79409e-01  1.79296e-01   1.000e+00   1.12170e-06  8.65921e-02       1.85417e+04   2.02183e+04   3.87601e+04         55
0.803298   1.92382e-01  1.92232e-01   1.000e+00   1.18938e-06  9.49372e-02       1.96099e+04   2.14275e+04   4.10373e+04         61
0.907261   2.06016e-01  2.05822e-01   1.000e+00   1.25913e-06  1.01209e-01       2.04210e+04   2.23600e+04   4.27810e+04         67
1.013228   2.20418e-01  2.20171e-01   1.000e+00   1.33442e-06  1.05539e-01       2.10149e+04   2.30583e+04   4.40732e+04         73
1.119577   2.35231e-01  2.34923e-01   1.000e+00   1.41270e-06  1.07924e-01       2.14005e+04   2.35300e+04   4.49305e+04         79
1.225793   2.50247e-01  2.49870e-01   1.000e+00   1.49055e-06  1.08516e-01       2.15971e+04   2.37946e+04   4.53917e+04         85
1.332180   2.65385e-01  2.64930e-01   1.000e+00   1.56952e-06  1.07509e-01       2.16242e+04   2.38727e+04   4.54969e+04         91
1.437479   2.80354e-01  2.79813e-01   1.000e+00   1.64827e-06  1.05140e-01       2.15005e+04   2.37834e+04   4.52839e+04         97
1.542929   2.95231e-01  2.94594e-01   1.000e+00   1.72809e-06  1.01606e-01       2.12420e+04   2.35444e+04   4.47864e+04        103
1.646784   3.09686e-01  3.08946e-01   1.000e+00   1.80784e-06  9.71927e-02       2.08699e+04   2.31775e+04   4.40474e+04        109
1.750167   3.23806e-01  3.22955e-01   1.000e+00   1.88856e-06  9.20696e-02       2.03966e+04   2.26969e+04   4.30934e+04        115
1.852966   3.37514e-01  3.36544e-01   1.000e+00   1.96821e-06  8.64316e-02       1.98362e+04   2.21178e+04   4.19541e+04        121
1.955971   3.50860e-01  3.49761e-01   1.000e+00   2.04582e-06  8.04035e-02       1.91966e+04   2.14491e+04   4.06457e+04        127
2.058289   3.63681e-01  3.62447e-01   1.000e+00   2.11944e-06  7.41885e-02       1.84944e+04   2.07091e+04   3.92035e+04        133
2.162162   3.76209e-01  3.74829e-01   1.000e+00   2.18789e-06  6.77837e-02       1.77241e+04   1.98922e+04   3.76163e+04        139
2.266840   3.88300e-01  3.86766e-01   1.000e+00   2.25029e-06  6.13540e-02       1.68994e+04   1.90138e+04   3.59131e+04        145
2.371535   3.99827e-01  3.98130e-01   1.000e+00   2.30654e-06  5.50542e-02       1.60358e+04   1.80906e+04   3.41265e+04        151
2.476473   4.10787e-01  4.08919e-01   1.000e+00   2.36140e-06  4.89600e-02       1.51408e+04   1.71312e+04   3.22719e+04        157
2.581692   4.21162e-01  4.19117e-01   1.000e+00   2.41514e-06  4.31428e-02       1.42224e+04   1.61448e+04   3.03672e+04        163
2.688965   4.31095e-01  4.28860e-01   1.000e+00   2.46942e-06  3.75724e-02       1.32731e+04   1.51237e+04   2.83968e+04        169
2.797213   4.40450e-01  4.38017e-01   1.000e+00   2.52668e-06  3.23633e-02       1.23101e+04   1.40869e+04   2.63970e+04        175
2.905397   4.49129e-01  4.46490e-01   1.000e+00   2.58475e-06  2.75987e-02       1.13501e+04   1.30529e+04   2.44030e+04        181
3.015502   4.57278e-01  4.54421e-01   1.000e+00   2.64430e-06  2.32173e-02       1.03829e+04   1.20112e+04   2.23941e+04        187
3.127634   4.64877e-01  4.61791e-01   1.000e+00   2.70627e-06  1.92422e-02       9.41485e+03   1.09692e+04   2.03840e+04        193
3.240892   4.71851e-01  4.68525e-01   1.000e+00   2.77043e-06  1.57162e-02       8.46088e+03   9.94350e+03   1.84044e+04        199
3.354185   4.78141e-01  4.74568e-01   1.000e+00   2.83685e-06  1.26611e-02       7.53622e+03   8.95101e+03   1.64872e+04        205
3.467679   4.83780e-01  4.79951e-01   1.000e+00   2.90672e-06  1.00459e-02       6.64456e+03   7.99616e+03   1.46407e+04        211
3.581206   4.88784e-01  4.84692e-01   1.000e+00   2.98099e-06  7.84247e-03       5.79156e+03   7.08547e+03   1.28770e+04        217
3.697350   4.93277e-01  4.88909e-01   1.000e+00   3.06284e-06  5.97622e-03       4.96286e+03   6.20413e+03   1.11670e+04        223
3.812175   4.97131e-01  4.92483e-01   1.000e+00   3.14908e-06  4.47577e-03       4.19016e+03   5.38629e+03   9.57646e+03        229
3.927863   5.00458e-01  4.95524e-01   1.000e+00   3.23983e-06  3.26838e-03       3.46081e+03   4.61883e+03   8.07963e+03        235
4.044400   5.03286e-01  4.98059e-01   1.000e+00   3.33435e-06  2.31862e-03       2.77756e+03   3.90502e+03   6.68257e+03        241
4.160838   5.05626e-01  5.00102e-01   1.000e+00   3.42697e-06  1.59592e-03       2.14746e+03   3.25244e+03   5.39990e+03        247
4.275985   5.07504e-01  5.01684e-01   1.000e+00   3.51487e-06  1.06600e-03       1.57635e+03   2.66710e+03   4.24345e+03        253
4.391296   5.08989e-01  5.02870e-01   1.000e+00   3.59591e-06  6.85156e-04       1.05606e+03   2.14050e+03   3.19656e+03        259
4.505700   5.10109e-01  5.03694e-01   1.000e+00   3.66823e-06  4.25144e-04       5.90239e+02   1.67609e+03   2.26633e+03        265
4.619034   5.10910e-01  5.04201e-01   1.000e+00   3.72521e-06  2.57234e-04       1.77177e+02   1.27166e+03   1.44883e+03        271
4.731944   5.11437e-01  5.04438e-01   1.000e+00   3.76835e-06  1.56636e-04      -1.87866e+02   9.21986e+02   7.34120e+02        277
4.844869   5.11728e-01  5.04440e-01   1.000e+00   3.79876e-06  1.04137e-04      -5.08300e+02   6.23196e+02   1.14896e+02        283
4.958649   5.11816e-01  5.04240e-01   1.000e+00   3.80830e-06  8.45495e-05      -7.88049e+02   3.71037e+02  -4.17012e+02        289
5.073048   5.11727e-01  5.03866e-01   1.000e+00   3.80493e-06  8.61195e-05      -1.02802e+03   1.64050e+02  -8.63971e+02        295
5.189406   5.11487e-01  5.03340e-01   1.000e+00   3.78178e-06  9.96346e-05      -1.23227e+03  -1.91452e+00  -1.23418e+03        301
5.305446   5.11124e-01  5.02698e-01   1.000e+00   3.74141e-06  1.17671e-04      -1.39880e+03  -1.26118e+02  -1.52492e+03        307
5.423085   5.10659e-01  5.01958e-01   1.000e+00   3.68626e-06  1.35321e-04      -1.53275e+03  -2.13576e+02  -1.74632e+03        313
5.541267   5.10119e-01  5.01148e-01   1.000e+00   3.62126e-06  1.49027e-04      -1.63507e+03  -2.66194e+02  -1.90126e+03        319
5.659135   5.09531e-01  5.00300e-01   1.000e+00   3.55003e-06  1.56874e-04      -1.70801e+03  -2.87179e+02  -1.99519e+03        325
5.776728   5.08916e-01  4.99433e-01   1.000e+00   3.47246e-06  1.58335e-04      -1.75485e+03  -2.80377e+02  -2.03522e+03        331
5.896786   5.08277e-01  4.98546e-01   1.000e+00   3.38685e-06  1.53590e-04      -1.77896e+03  -2.48479e+02  -2.02744e+03        337
6.018342   5.07636e-01  4.97665e-01   1.000e+00   3.29686e-06  1.43353e-04      -1.78198e+03  -1.94133e+02  -1.97612e+03        343
6.139112   5.07021e-01  4.96822e-01   1.000e+00   3.20363e-06  1.29133e-04      -1.76657e+03  -1.21657e+02  -1.88822e+03        349
6.260447   5.06437e-01  4.96019e-01   1.000e+00   3.10935e-06  1.12313e-04      -1.73533e+03  -3.36298e+01  -1.76896e+03        355
6.382027   5.05896e-01  4.95271e-01   1.000e+00   3.01651e-06  9.44312e-05      -1.69080e+03   6.67106e+01  -1.62409e+03        361
6.504636   5.05404e-01  4.94583e-01   1.000e+00   2.92549e-06  7.67514e-05      -1.63499e+03   1.77186e+02  -1.45780e+03        367
6.628517   5.04969e-01  4.93961e-01   1.000e+00   2.83705e-06  6.04327e-05      -1.56987e+03   2.95412e+02  -1.27446e+03        373
6.752747   5.04599e-01  4.93417e-01   1.000e+00   2.75230e-06  4.65240e-05      -1.49801e+03   4.17980e+02  -1.08003e+03        379
6.878768   5.04296e-01  4.92950e-01   1.000e+00   2.67226e-06  3.55286e-05      -1.42057e+03   5.43896e+02  -8.76672e+02        385
7.004947   5.04067e-01  4.92569e-01   1.000e+00   2.59693e-06  2.79360e-05      -1.34042e+03   6.69316e+02  -6.71102e+02        391
7.133810   5.03910e-01  4.92270e-01   1.000e+00   2.52626e-06  2.37005e-05      -1.25775e+03   7.94630e+02  -4.63122e+02        397
7.264052   5.03830e-01  4.92058e-01   1.000e+00   2.46008e-06  2.27560e-05      -1.17510e+03   9.16562e+02  -2.58535e+02        403
7.394989   5.03825e-01  4.91933e-01   1.000e+00   2.39868e-06  2.47023e-05      -1.09447e+03   1.03272e+03  -6.17467e+01        409
7.525890   5.03892e-01  4.91892e-01   1.000e+00   2.34286e-06  2.89266e-05      -1.01768e+03   1.14107e+03   1.23390e+02        415
7.656971   5.04028e-01  4.91928e-01   1.000e+00   2.29147e-06  3.47479e-05      -9.45737e+02   1.24068e+03   2.94946e+02        421
7.789024   5.04227e-01  4.92038e-01   1.000e+00   2.24419e-06  4.15145e-05      -8.79211e+02   1.33123e+03   4.52021e+02        427
7.922686   5.04486e-01  4.92217e-01   1.000e+00   2.20036e-06  4.86028e-05      -8.18711e+02   1.41227e+03   5.93555e+02        433
8.057859   5.04799e-01  4.92458e-01   1.000e+00   2.15952e-06  5.53992e-05      -7.65093e+02   1.48300e+03   7.17906e+02        439
8.193318   5.05158e-01  4.92752e-01   1.000e+00   2.12230e-06  6.13267e-05      -7.19363e+02   1.54245e+03   8.23084e+02        445
8.328331   5.05553e-01  4.93088e-01   1.000e+00   2.08769e-06  6.59775e-05      -6.81950e+02   1.59040e+03   9.08448e+02        451
8.463656   5.05977e-01  4.93461e-01   1.000e+00   2.05554e-06  6.91402e-05      -6.52640e+02   1.62743e+03   9.74794e+02        457
8.599301   5.06423e-01  4.93862e-01   1.000e+00   2.02513e-06  7.06905e-05      -6.31357e+02   1.65392e+03   1.02257e+03        463
8.735523   5.06885e-01  4.94283e-01   1.000e+00   1.99641e-06  7.06183e-05      -6.17866e+02   1.67041e+03   1.05255e+03        469
8.871380   5.07353e-01  4.94715e-01   1.000e+00   1.96904e-06  6.90205e-05      -6.11894e+02   1.67748e+03   1.06558e+03        475
9.006399   5.07818e-01  4.95148e-01   1.000e+00   1.94274e-06  6.60972e-05      -6.12877e+02   1.67601e+03   1.06313e+03        481
9.140683   5.08275e-01  4.95576e-01   1.000e+00   1.91701e-06  6.20920e-05      -6.20152e+02   1.66701e+03   1.04686e+03        487
9.273943   5.08718e-01  4.95993e-01   1.000e+00   1.89199e-06  5.72815e-05      -6.32983e+02   1.65151e+03   1.01853e+03        493
9.404665   5.09137e-01  4.96390e-01   1.000e+00   1.86710e-06  5.20001e-05      -6.50395e+02   1.63081e+03   9.80415e+02        499
9.533170   5.09531e-01  4.96764e-01   1.000e+00   1.84179e-06  4.64939e-05      -6.71571e+02   1.60598e+03   9.34411e+02        505
9.659208   5.09898e-01  4.97112e-01   1.000e+00   1.81607e-06  4.09923e-05      -6.95670e+02   1.57808e+03   8.82413e+02        511
9.782281   5.10234e-01  4.97433e-01   1.000e+00   1.78921e-06  3.56907e-05      -7.21849e+02   1.54816e+03   8.26307e+02        517
9.902167   5.10540e-01  4.97724e-01   1.000e+00   1.76124e-06  3.07248e-05      -7.49372e+02   1.51708e+03   7.67709e+02        523
10.018515   5.10814e-01  4.97986e-01   1.000e+00   1.73213e-06  2.61896e-05      -7.77561e+02   1.48566e+03   7.08098e+02        529
10.131335   5.11058e-01  4.98219e-01   1.000e+00   1.70226e-06  2.21278e-05      -8.05878e+02   1.45448e+03   6.48602e+02        535
10.240314   5.11274e-01  4.98425e-01   1.000e+00   1.67233e-06  1.85596e-05      -8.33852e+02   1.42409e+03   5.90236e+02        541
10.346156   5.11464e-01  4.98606e-01   1.000e+00   1.64355e-06  1.54542e-05      -8.61270e+02   1.39466e+03   5.33386e+02        547
10.449303   5.11630e-01  4.98765e-01   1.000e+00   1.61606e-06  1.27769e-05      -8.88026e+02   1.36632e+03   4.78298e+02        553
10.551905   5.11778e-01  4.98907e-01   1.000e+00   1.59020e-06  1.04558e-05      -9.14444e+02   1.33873e+03   4.24284e+02        559
10.655220   5.11909e-01  4.99032e-01   1.000e+00   1.56522e-06  8.45531e-06      -9.40598e+02   1.31176e+03   3.71159e+02        565
10.760109   5.12024e-01  4.99143e-01   1.000e+00   1.54052e-06  6.75214e-06      -9.66534e+02   1.28540e+03   3.18870e+02        571
10.867458   5.12124e-01  4.99239e-01   1.000e+00   1.51564e-06  5.32800e-06      -9.92233e+02   1.25969e+03   2.67459e+02        577
10.977412   5.12208e-01  4.99321e-01   1.000e+00   1.49097e-06  4.17381e-06      -1.01748e+03   1.23485e+03   2.17366e+02        583
11.089665   5.12276e-01  4.99389e-01   1.000e+00   1.46633e-06  3.27705e-06      -1.04198e+03   1.21119e+03   1.69217e+02        589
11.204045   5.12328e-01  4.99441e-01   1.000e+00   1.44211e-06  2.61563e-06      -1.06544e+03   1.18900e+03   1.23568e+02        595
11.320052   5.12364e-01  4.99479e-01   1.000e+00   1.41813e-06  2.16146e-06      -1.08757e+03   1.16857e+03   8.09960e+01        601
11.436933   5.12384e-01  4.99504e-01   1.000e+00   1.39536e-06  1.88107e-06      -1.10810e+03   1.15015e+03   4.20548e+01        607
11.555299   5.12389e-01  4.99516e-01   1.000e+00   1.37296e-06  1.73575e-06      -1.12700e+03   1.13377e+03   6.77552e+00        613
11.675004   5.12381e-01  4.99517e-01   1.000e+00   1.35148e-06  1.69096e-06      -1.14414e+03   1.11954e+03  -2.46015e+01        619
11.795155   5.12361e-01  4.99508e-01   1.000e+00   1.33064e-06  1.71356e-06      -1.15935e+03   1.10758e+03  -5.17673e+01        625
11.915840   5.12330e-01  4.99492e-01   1.000e+00   1.31063e-06  1.77439e-06      -1.17263e+03   1.09786e+03  -7.47653e+01        631
12.036749   5.12289e-01  4.99469e-01   1.000e+00   1.29137e-06  1.84927e-06      -1.18396e+03   1.09035e+03  -9.36102e+01        637
12.157863   5.12241e-01  4.99440e-01   1.000e+00   1.27277e-06  1.91998e-06      -1.19342e+03   1.08495e+03  -1.08461e+02        643
12.279519   5.12185e-01  4.99409e-01   1.000e+00   1.25479e-06  1.97422e-06      -1.20107e+03   1.08154e+03  -1.19538e+02        649
12.401252   5.12125e-01  4.99375e-01   1.000e+00   1.23742e-06  2.00408e-06      -1.20700e+03   1.07999e+03  -1.27006e+02        655
12.523726   5.12060e-01  4.99341e-01   1.000e+00   1.22044e-06  2.00659e-06      -1.21131e+03   1.08015e+03  -1.31156e+02        661
12.646567   5.11993e-01  4.99307e-01   1.000e+00   1.20393e-06  1.98217e-06      -1.21410e+03   1.08188e+03  -1.32223e+02        667
12.769451   5.11924e-01  4.99276e-01   1.000e+00   1.18805e-06  1.93460e-06      -1.21550e+03   1.08498e+03  -1.30515e+02        673
12.892397   5.11854e-01  4.99247e-01   1.000e+00   1.17256e-06  1.86946e-06      -1.21562e+03   1.08928e+03  -1.26342e+02        679
13.015371   5.11785e-01  4.99221e-01   1.000e+00   1.15748e-06  1.79355e-06      -1.21463e+03   1.09458e+03  -1.20045e+02        685
13.139536   5.11716e-01  4.99200e-01   1.000e+00   1.14269e-06  1.71335e-06      -1.21262e+03   1.10076e+03  -1.11863e+02        691
13.264263   5.11648e-01  4.99184e-01   1.000e+00   1.12815e-06  1.63640e-06      -1.20975e+03   1.10761e+03  -1.02133e+02        697
13.388982   5.11583e-01  4.99174e-01   1.000e+00   1.11407e-06  1.56959e-06      -1.20615e+03   1.11493e+03  -9.12194e+01        703
13.514005   5.11521e-01  4.99170e-01   1.000e+00   1.10019e-06  1.51808e-06      -1.20195e+03   1.12255e+03  -7.94031e+01        709
13.639611   5.11462e-01  4.99172e-01   1.000e+00   1.08661e-06  1.48597e-06      -1.19728e+03   1.13033e+03  -6.69489e+01        715
13.765673   5.11406e-01  4.99180e-01   1.000e+00   1.07312e-06  1.47591e-06      -1.19224e+03   1.13810e+03  -5.41429e+01        721
13.892337   5.11353e-01  4.99195e-01   1.000e+00   1.05999e-06  1.48920e-06      -1.18696e+03   1.14574e+03  -4.12292e+01        727
14.019314   5.11304e-01  4.99216e-01   1.000e+00   1.04711e-06  1.52558e-06      -1.18156e+03   1.15308e+03  -2.84791e+01        733
14.146821   5.11259e-01  4.99244e-01   1.000e+00   1.03443e-06  1.58352e-06      -1.17611e+03   1.16003e+03  -1.60882e+01        739
14.274510   5.11217e-01  4.99278e-01   1.000e+00   1.02192e-06  1.66010e-06      -1.17074e+03   1.16645e+03  -4.28316e+00        745
14.402453   5.11178e-01  4.99317e-01   1.000e+00   1.00974e-06  1.75168e-06      -1.16550e+03   1.17228e+03   6.77728e+00        751
14.531412   5.11143e-01  4.99362e-01   1.000e+00   9.97666e-07  1.85487e-06      -1.16045e+03   1.17746e+03   1.70105e+01        757
14.660637   5.11110e-01  4.99412e-01   1.000e+00   9.85787e-07  1.96467e-06      -1.15567e+03   1.18190e+03   2.62332e+01        763
14.789801   5.11080e-01  4.99467e-01   1.000e+00   9.74217e-07  2.07623e-06      -1.15121e+03   1.18555e+03   3.43377e+01        769
14.919477   5.11052e-01  4.99525e-01   1.000e+00   9.62864e-07  2.18578e-06      -1.14711e+03   1.18840e+03   4.12977e+01        775
15.049767   5.11026e-01  4.99587e-01   1.000e+00   9.51625e-07  2.28944e-06      -1.14337e+03   1.19044e+03   4.70716e+01        781
15.180702   5.11002e-01  4.99652e-01   1.000e+00   9.40564e-07  2.38386e-06      -1.14003e+03   1.19166e+03   5.16344e+01        787
15.311609   5.10978e-01  4.99720e-01   1.000e+00   9.29801e-07  2.46586e-06      -1.13711e+03   1.19207e+03   5.49664e+01        793
15.442348   5.10955e-01  4.99788e-01   1.000e+00   9.19241e-07  2.53344e-06      -1.13460e+03   1.19170e+03   5.70995e+01        799
15.573676   5.10932e-01  4.99859e-01   1.000e+00   9.08877e-07  2.58574e-06      -1.13249e+03   1.19058e+03   5.80896e+01        805
15.705537   5.10909e-01  4.99930e-01   1.000e+00   8.98718e-07  2.62215e-06      -1.13076e+03   1.18874e+03   5.79871e+01        811
15.837663   5.10885e-01  5.00001e-01   1.000e+00   8.88749e-07  2.64259e-06      -1.12940e+03   1.18626e+03   5.68603e+01        817
15.969796   5.10860e-01  5.00072e-01   1.000e+00   8.78969e-07  2.64766e-06      -1.12838e+03   1.18318e+03   5.47969e+01        823
16.101823   5.10834e-01  5.00142e-01   1.000e+00   8.69441e-07  2.63863e-06      -1.12767e+03   1.17957e+03   5.18963e+01        829
16.234472   5.10806e-01  5.00211e-01   1.000e+00   8.60062e-07  2.61685e-06      -1.12725e+03   1.17549e+03   4.82400e+01        835
16.366862   5.10777e-01  5.00279e-01   1.000e+00   8.50956e-07  2.58416e-06      -1.12706e+03   1.17102e+03   4.39554e+01        841
16.499628   5.10745e-01  5.00345e-01   1.000e+00   8.42015e-07  2.54234e-06      -1.12708e+03   1.16621e+03   3.91296e+01        847
16.632694   5.10711e-01  5.00409e-01   1.000e+00   8.33266e-07  2.49314e-06      -1.12726e+03   1.16113e+03   3.38684e+01        853
16.766225   5.10675e-01  5.00471e-01   1.000e+00   8.24669e-07  2.43833e-06      -1.12758e+03   1.15585e+03   2.82686e+01        859
16.899752   5.10636e-01  5.00531e-01   1.000e+00   8.16310e-07  2.37983e-06      -1.12798e+03   1.15043e+03   2.24513e+01        865
17.032767   5.10595e-01  5.00589e-01   1.000e+00   8.08160e-07  2.31938e-06      -1.12844e+03   1.14498e+03   1.65374e+01        871
17.166338   5.10551e-01  5.00644e-01   1.000e+00   8.00168e-07  2.25788e-06      -1.12892e+03   1.13949e+03   1.05711e+01        877
17.300380   5.10505e-01  5.00697e-01   1.000e+00   7.92313e-07  2.19649e-06      -1.12939e+03   1.13403e+03   4.64161e+00        883
17.434664   5.10456e-01  5.00747e-01   9.999e-01   7.84642e-07  2.13620e-06      -1.12981e+03   1.12865e+03  -1.16300e+00        889
17.568892   5.10404e-01  5.00795e-01   9.999e-01   7.77176e-07  2.07790e-06      -1.13017e+03   1.12341e+03  -6.75998e+00        895
17.702476   5.10351e-01  5.00840e-01   9.999e-01   7.69900e-07  2.02224e-06      -1.13042e+03   1.11836e+03  -1.20659e+01        901
17.836581   5.10295e-01  5.00884e-01   9.999e-01   7.62789e-07  1.96905e-06      -1.13057e+03   1.11349e+03  -1.70760e+01        907
17.971447   5.10237e-01  5.00925e-01   9.999e-01   7.55791e-07  1.91843e-06      -1.13057e+03   1.10882e+03  -2.17516e+01        913
18.106305   5.10178e-01  5.00965e-01   9.999e-01   7.48973e-07  1.87072e-06      -1.13043e+03   1.10441e+03  -2.60287e+01        919
18.241363   5.10116e-01  5.01003e-01   9.999e-01   7.42279e-07  1.82577e-06      -1.13013e+03   1.10025e+03  -2.98874e+01        925
18.376384   5.10053e-01  5.01039e-01   9.999e-01   7.35763e-07  1.78352e-06      -1.12966e+03   1.09636e+03  -3.33035e+01        931
18.511564   5.09989e-01  5.01074e-01   9.999e-01   7.29372e-07  1.74371e-06      -1.12902e+03   1.09275e+03  -3.62705e+01        937
18.647019   5.09923e-01  5.01108e-01   9.999e-01   7.23107e-07  1.70611e-06      -1.12820e+03   1.08941e+03  -3.87873e+01        943
18.782627   5.09856e-01  5.01141e-01   9.999e-01   7.16972e-07  1.67051e-06      -1.12720e+03   1.08634e+03  -4.08543e+01        949
18.918633   5.09789e-01  5.01173e-01   9.999e-01   7.10952e-07  1.63665e-06      -1.12602e+03   1.08354e+03  -4.24832e+01        955
19.054729   5.09721e-01  5.01204e-01   9.999e-01   7.05050e-07  1.60440e-06      -1.12467e+03   1.08099e+03  -4.36836e+01        961
19.191081   5.09653e-01  5.01235e-01   9.999e-01   6.99270e-07  1.57353e-06      -1.12315e+03   1.07868e+03  -4.44767e+01        967
19.327534   5.09584e-01  5.01265e-01   9.999e-01   6.93600e-07  1.54392e-06      -1.12148e+03   1.07660e+03  -4.48856e+01        973
19.464081   5.09516e-01  5.01295e-01   9.999e-01   6.87987e-07  1.51538e-06      -1.11966e+03   1.07473e+03  -4.49378e+01        979
19.601157   5.09447e-01  5.01326e-01   9.999e-01   6.82521e-07  1.48777e-06      -1.11771e+03   1.07304e+03  -4.46613e+01        985
19.738701   5.09379e-01  5.01356e-01   9.999e-01   6.77111e-07  1.46099e-06      -1.11562e+03   1.07153e+03  -4.40854e+01        991
19.876348   5.09311e-01  5.01387e-01   9.999e-01   6.71808e-07  1.43504e-06      -1.11342e+03   1.07017e+03  -4.32459e+01        997
20.014280   5.09243e-01  5.01417e-01   9.999e-01   6.66576e-07  1.40981e-06      -1.11112e+03   1.06894e+03  -4.21753e+01       1003
20.152260   5.09176e-01  5.01448e-01   9.999e-01   6.61453e-07  1.38530e-06      -1.10873e+03   1.06782e+03  -4.09098e+01       1009
20.290568   5.09110e-01  5.01480e-01   9.999e-01   6.56392e-07  1.36141e-06      -1.10627e+03   1.06679e+03  -3.94806e+01       1015
20.429635   5.09044e-01  5.01512e-01   9.999e-01   6.51392e-07  1.33804e-06      -1.10375e+03   1.06583e+03  -3.79174e+01       1021
20.568566   5.08979e-01  5.01545e-01   9.999e-01   6.46490e-07  1.31530e-06      -1.10118e+03   1.06492e+03  -3.62617e+01       1027
20.707907   5.08915e-01  5.01578e-01   9.999e-01   6.41613e-07  1.29305e-06      -1.09858e+03   1.06404e+03  -3.45384e+01       1033
20.848061   5.08852e-01  5.01611e-01   9.999e-01   6.36807e-07  1.27123e-06      -1.09595e+03   1.06317e+03  -3.27711e+01       1039
20.988440   5.08790e-01  5.01646e-01   9.999e-01   6.32066e-07  1.24990e-06      -1.09330e+03   1.06231e+03  -3.09939e+01       1045
21.128908   5.08729e-01  5.01681e-01   9.999e-01   6.27405e-07  1.22906e-06      -1.09067e+03   1.06143e+03  -2.92325e+01       1051
21.269826   5.08668e-01  5.01716e-01   9.999e-01   6.22775e-07  1.20858e-06      -1.08804e+03   1.06053e+03  -2.75072e+01       1057
21.410953   5.08609e-01  5.01752e-01   9.999e-01   6.18240e-07  1.18853e-06      -1.08543e+03   1.05959e+03  -2.58383e+01       1063
21.552200   5.08550e-01  5.01788e-01   9.999e-01   6.13770e-07  1.16886e-06      -1.08285e+03   1.05861e+03  -2.42458e+01       1069
21.693739   5.08493e-01  5.01825e-01   9.999e-01   6.09361e-07  1.14955e-06      -1.08031e+03   1.05757e+03  -2.27396e+01       1075
21.835516   5.08436e-01  5.01862e-01   9.999e-01   6.04992e-07  1.13057e-06      -1.07781e+03   1.05648e+03  -2.13330e+01       1081
21.977998   5.08380e-01  5.01900e-01   9.999e-01   6.00691e-07  1.11186e-06      -1.07536e+03   1.05532e+03  -2.00312e+01       1087
22.120715   5.08325e-01  5.01938e-01   9.999e-01   5.96462e-07  1.09349e-06      -1.07295e+03   1.05411e+03  -1.88433e+01       1093
22.263799   5.08271e-01  5.01976e-01   9.999e-01   5.92256e-07  1.07542e-06      -1.07060e+03   1.05282e+03  -1.77717e+01       1099
22.407385   5.08217e-01  5.02014e-01   9.999e-01   5.88137e-07  1.05766e-06      -1.06830e+03   1.05148e+03  -1.68190e+01       1105
22.550872   5.08164e-01  5.02052e-01   9.999e-01   5.84083e-07  1.04027e-06      -1.06606e+03   1.05007e+03  -1.59867e+01       1111
22.694748   5.08112e-01  5.02091e-01   9.999e-01   5.80065e-07  1.02321e-06      -1.06388e+03   1.04861e+03  -1.52693e+01       1117
22.839277   5.08060e-01  5.02129e-01   9.999e-01   5.76121e-07  1.00648e-06      -1.06175e+03   1.04709e+03  -1.46621e+01       1123
22.983909   5.08008e-01  5.02167e-01   9.999e-01   5.72228e-07  9.90121e-07      -1.05968e+03   1.04552e+03  -1.41615e+01       1129
23.128905   5.07957e-01  5.02206e-01   9.999e-01   5.68388e-07  9.74133e-07      -1.05767e+03   1.04391e+03  -1.37603e+01       1135
23.274155   5.07907e-01  5.02244e-01   9.999e-01   5.64606e-07  9.58530e-07      -1.05571e+03   1.04226e+03  -1.34511e+01       1141
23.419697   5.07857e-01  5.02282e-01   9.999e-01   5.60893e-07  9.43336e-07      -1.05381e+03   1.04058e+03  -1.32245e+01       1147
23.565487   5.07807e-01  5.02320e-01   9.999e-01   5.57221e-07  9.28556e-07      -1.05195e+03   1.03888e+03  -1.30716e+01       1153
23.711483   5.07758e-01  5.02357e-01   9.999e-01   5.53599e-07  9.14183e-07      -1.05014e+03   1.03715e+03  -1.29832e+01       1159
23.857567   5.07709e-01  5.02394e-01   9.999e-01   5.50054e-07  9.00266e-07      -1.04837e+03   1.03542e+03  -1.29500e+01       1165
24.003502   5.07660e-01  5.02431e-01   9.999e-01   5.46563e-07  8.86826e-07      -1.04665e+03   1.03369e+03  -1.29623e+01       1171
24.149105   5.07612e-01  5.02467e-01   9.999e-01   5.43136e-07  8.73852e-07      -1.04498e+03   1.03197e+03  -1.30108e+01       1177
24.294315   5.07564e-01  5.02503e-01   9.999e-01   5.39789e-07  8.61351e-07      -1.04335e+03   1.03026e+03  -1.30867e+01       1183
24.439331   5.07517e-01  5.02539e-01   9.999e-01   5.36505e-07  8.49301e-07      -1.04175e+03   1.02856e+03  -1.31815e+01       1189
24.584515   5.07470e-01  5.02574e-01   9.999e-01   5.33274e-07  8.37669e-07      -1.04018e+03   1.02689e+03  -1.32881e+01       1195
24.730067   5.07423e-01  5.02608e-01   9.999e-01   5.30084e-07  8.26403e-07      -1.03863e+03   1.02523e+03  -1.33994e+01       1201
24.875731   5.07377e-01  5.02643e-01   9.999e-01   5.26955e-07  8.15534e-07      -1.03711e+03   1.02360e+03  -1.35100e+01       1207
25.021159   5.07330e-01  5.02676e-01   9.999e-01   5.23896e-07  8.05079e-07      -1.03561e+03   1.02199e+03  -1.36142e+01       1213
25.166414   5.07285e-01  5.02710e-01   9.999e-01   5.20884e-07  7.94990e-07      -1.03413e+03   1.02043e+03  -1.37075e+01       1219
25.311602   5.07239e-01  5.02743e-01   9.999e-01   5.17935e-07  7.85249e-07      -1.03268e+03   1.01889e+03  -1.37854e+01       1225
25.456828   5.07194e-01  5.02776e-01   9.999e-01   5.15025e-07  7.75835e-07      -1.03124e+03   1.01739e+03  -1.38460e+01       1231
25.602336   5.07149e-01  5.02808e-01   9.999e-01   5.12170e-07  7.66721e-07      -1.02981e+03   1.01593e+03  -1.38871e+01       1237
25.748136   5.07104e-01  5.02840e-01   9.999e-01   5.09358e-07  7.57864e-07      -1.02840e+03   1.01449e+03  -1.39065e+01       1243
25.893964   5.07059e-01  5.02872e-01   9.999e-01   5.06585e-07  7.49288e-07      -1.02700e+03   1.01310e+03  -1.39036e+01       1249
26.039686   5.07015e-01  5.02904e-01   9.999e-01   5.03868e-07  7.40978e-07      -1.02562e+03   1.01174e+03  -1.38781e+01       1255
26.185326   5.06971e-01  5.02935e-01   9.999e-01   5.01196e-07  7.32909e-07      -1.02425e+03   1.01042e+03  -1.38300e+01       1261
26.331020   5.06928e-01  5.02966e-01   9.999e-01   4.98573e-07  7.25063e-07      -1.02289e+03   1.00913e+03  -1.37600e+01       1267
26.476750   5.06885e-01  5.02996e-01   9.999e-01   4.95983e-07  7.17423e-07      -1.02154e+03   1.00787e+03  -1.36695e+01       1273
26.622655   5.06842e-01  5.03027e-01   9.999e-01   4.93439e-07  7.09957e-07      -1.02021e+03   1.00665e+03  -1.35593e+01       1279
26.768482   5.06800e-01  5.03057e-01   9.999e-01   4.90947e-07  7.02692e-07      -1.01889e+03   1.00546e+03  -1.34318e+01       1285
26.914353   5.06758e-01  5.03087e-01   9.999e-01   4.88488e-07  6.95574e-07      -1.01758e+03   1.00429e+03  -1.32889e+01       1291
27.060301   5.06716e-01  5.03116e-01   9.999e-01   4.86065e-07  6.88612e-07      -1.01629e+03   1.00316e+03  -1.31328e+01       1297
27.206130   5.06674e-01  5.03146e-01   9.999e-01   4.83692e-07  6.81812e-07      -1.01501e+03   1.00205e+03  -1.29659e+01       1303
27.351702   5.06634e-01  5.03175e-01   9.999e-01   4.81367e-07  6.75167e-07      -1.01375e+03   1.00096e+03  -1.27907e+01       1309
27.497286   5.06593e-01  5.03204e-01   9.999e-01   4.79065e-07  6.68635e-07      -1.01251e+03   9.99900e+02  -1.26089e+01       1315
27.642937   5.06553e-01  5.03233e-01   9.999e-01   4.76807e-07  6.62236e-07      -1.01128e+03   9.98857e+02  -1.24235e+01       1321
27.788422   5.06513e-01  5.03261e-01   9.999e-01   4.74582e-07  6.55955e-07      -1.01007e+03   9.97836e+02  -1.22362e+01       1327
27.933891   5.06474e-01  5.03289e-01   9.999e-01   4.72402e-07  6.49787e-07      -1.00888e+03   9.96832e+02  -1.20488e+01       1333
28.079321   5.06435e-01  5.03318e-01   9.999e-01   4.70254e-07  6.43744e-07      -1.00771e+03   9.95845e+02  -1.18630e+01       1339
28.224993   5.06396e-01  5.03345e-01   9.999e-01   4.68133e-07  6.37779e-07      -1.00655e+03   9.94872e+02  -1.16804e+01       1345
28.370796   5.06358e-01  5.03373e-01   9.999e-01   4.66054e-07  6.31908e-07      -1.00542e+03   9.93913e+02  -1.15024e+01       1351
28.516196   5.06320e-01  5.03401e-01   9.999e-01   4.63997e-07  6.26153e-07      -1.00430e+03   9.92970e+02  -1.13304e+01       1357
28.661272   5.06283e-01  5.03428e-01   9.999e-01   4.61992e-07  6.20507e-07      -1.00321e+03   9.92042e+02  -1.11651e+01       1363
28.806041   5.06246e-01  5.03455e-01   9.999e-01   4.60022e-07  6.14967e-07      -1.00214e+03   9.91129e+02  -1.10069e+01       1369
28.951214   5.06210e-01  5.03481e-01   9.999e-01   4.58073e-07  6.09491e-07      -1.00108e+03   9.90226e+02  -1.08555e+01       1375
29.096901   5.06173e-01  5.03508e-01   9.999e-01   4.56151e-07  6.04087e-07      -1.00004e+03   9.89331e+02  -1.07110e+01       1381
29.243010   5.06137e-01  5.03534e-01   9.999e-01   4.54245e-07  5.98746e-07      -9.99020e+02   9.88446e+02  -1.05743e+01       1387
29.388798   5.06101e-01  5.03560e-01   9.999e-01   4.52382e-07  5.93507e-07      -9.98019e+02   9.87573e+02  -1.04454e+01       1393
29.533588   5.06066e-01  5.03586e-01   9.999e-01   4.50560e-07  5.88390e-07      -9.97042e+02   9.86718e+02  -1.03238e+01       1399
29.678030   5.06032e-01  5.03612e-01   9.999e-01   4.48767e-07  5.83361e-07      -9.96086e+02   9.85878e+02  -1.02089e+01       1405
29.822984   5.05997e-01  5.03637e-01   9.999e-01   4.46998e-07  5.78394e-07      -9.95145e+02   9.85046e+02  -1.00995e+01       1411
29.968820   5.05963e-01  5.03662e-01   9.999e-01   4.45242e-07  5.73479e-07      -9.94216e+02   9.84221e+02  -9.99572e+00       1417
30.115060   5.05929e-01  5.03687e-01   9.999e-01   4.43515e-07  5.68633e-07      -9.93302e+02   9.83405e+02  -9.89760e+00       1423
30.260583   5.05895e-01  5.03711e-01   9.999e-01   4.41818e-07  5.63892e-07      -9.92410e+02   9.82605e+02  -9.80514e+00       1429
30.405218   5.05862e-01  5.03736e-01   9.999e-01   4.40161e-07  5.59257e-07      -9.91540e+02   9.81822e+02  -9.71779e+00       1435
30.549724   5.05830e-01  5.03760e-01   9.999e-01   4.38529e-07  5.54707e-07      -9.90687e+02   9.81053e+02  -9.63373e+00       1441
30.694825   5.05797e-01  5.03783e-01   9.999e-01   4.36906e-07  5.50208e-07      -9.89847e+02   9.80294e+02  -9.55362e+00       1447
30.840545   5.05765e-01  5.03807e-01   9.999e-01   4.35309e-07  5.45779e-07      -9.89019e+02   9.79543e+02  -9.47569e+00       1453
30.986374   5.05733e-01  5.03830e-01   9.999e-01   4.33732e-07  5.41425e-07      -9.88206e+02   9.78805e+02  -9.40111e+00       1459
31.131906   5.05702e-01  5.03853e-01   9.999e-01   4.32189e-07  5.37158e-07      -9.87411e+02   9.78081e+02  -9.33017e+00       1465
31.277052   5.05671e-01  5.03876e-01   9.999e-01   4.30671e-07  5.32986e-07      -9.86632e+02   9.77372e+02  -9.26064e+00       1471
31.422299   5.05640e-01  5.03898e-01   9.999e-01   4.29174e-07  5.28885e-07      -9.85868e+02   9.76675e+02  -9.19294e+00       1477
31.567996   5.05609e-01  5.03920e-01   9.999e-01   4.27697e-07  5.24847e-07      -9.85118e+02   9.75990e+02  -9.12771e+00       1483
31.713764   5.05579e-01  5.03942e-01   9.999e-01   4.26241e-07  5.20886e-07      -9.84380e+02   9.75317e+02  -9.06372e+00       1489
31.859518   5.05549e-01  5.03964e-01   9.999e-01   4.24804e-07  5.16995e-07      -9.83658e+02   9.74656e+02  -9.00180e+00       1495
32.005144   5.05520e-01  5.03985e-01   9.999e-01   4.23391e-07  5.13189e-07      -9.82950e+02   9.74010e+02  -8.93996e+00       1501
32.150683   5.05491e-01  5.04006e-01   9.999e-01   4.22002e-07  5.09451e-07      -9.82256e+02   9.73376e+02  -8.87987e+00       1507
32.295846   5.05462e-01  5.04027e-01   9.999e-01   4.20639e-07  5.05795e-07      -9.81578e+02   9.72757e+02  -8.82040e+00       1513
32.441029   5.05434e-01  5.04048e-01   9.999e-01   4.19288e-07  5.02201e-07      -9.80913e+02   9.72151e+02  -8.76156e+00       1519
32.586548   5.05405e-01  5.04068e-01   9.999e-01   4.17961e-07  4.98672e-07      -9.80259e+02   9.71556e+02  -8.70298e+00       1525
32.732388   5.05378e-01  5.04088e-01   9.999e-01   4.16647e-07  4.95202e-07      -9.79617e+02   9.70972e+02  -8.64475e+00       1531
32.878206   5.05350e-01  5.04108e-01   9.999e-01   4.15356e-07  4.91801e-07      -9.78988e+02   9.70401e+02  -8.58714e+00       1537
33.023690   5.05323e-01  5.04127e-01   9.999e-01   4.14081e-07  4.88467e-07      -9.78373e+02   9.69843e+02  -8.52950e+00       1543
33.168710   5.05296e-01  5.04146e-01   9.999e-01   4.12839e-07  4.85210e-07      -9.77771e+02   9.69299e+02  -8.47189e+00       1549
33.313647   5.05270e-01  5.04165e-01   9.999e-01   4.11606e-07  4.82012e-07      -9.77182e+02   9.68768e+02  -8.41395e+00       1555
33.459098   5.05244e-01  5.04183e-01   9.999e-01   4.10388e-07  4.78864e-07      -9.76603e+02   9.68247e+02  -8.35561e+00       1561
33.604927   5.05218e-01  5.04202e-01   9.999e-01   4.09189e-07  4.75774e-07      -9.76034e+02   9.67737e+02  -8.29741e+00       1567
33.750685   5.05192e-01  5.04220e-01   9.999e-01   4.08008e-07  4.72740e-07      -9.75478e+02   9.67238e+02  -8.23999e+00       1573
33.895775   5.05167e-01  5.04238e-01   9.999e-01   4.06848e-07  4.69777e-07      -9.74934e+02   9.66752e+02  -8.18246e+00       1579
34.040524   5.05142e-01  5.04255e-01   9.999e-01   4.05708e-07  4.66875e-07      -9.74404e+02   9.66279e+02  -8.12538e+00       1585
34.185480   5.05117e-01  5.04272e-01   9.999e-01   4.04588e-07  4.64029e-07      -9.73884e+02   9.65817e+02  -8.06713e+00       1591
34.330879   5.05093e-01  5.04289e-01   9.999e-01   4.03481e-07  4.61231e-07      -9.73372e+02   9.65364e+02  -8.00884e+00       1597
34.476749   5.05069e-01  5.04306e-01   9.999e-01   4.02385e-07  4.58479e-07      -9.72871e+02   9.64920e+02  -7.95078e+00       1603
34.622494   5.05045e-01  5.04323e-01   9.999e-01   4.01308e-07  4.55784e-07      -9.72380e+02   9.64486e+02  -7.89377e+00       1609
34.767687   5.05022e-01  5.04339e-01   9.999e-01   4.00250e-07  4.53151e-07      -9.71902e+02   9.64065e+02  -7.83687e+00       1615
34.912509   5.04999e-01  5.04355e-01   9.999e-01   3.99211e-07  4.50573e-07      -9.71436e+02   9.63655e+02  -7.78104e+00       1621
35.057075   5.04976e-01  5.04370e-01   9.999e-01   3.98193e-07  4.48050e-07      -9.70980e+02   9.63255e+02  -7.72515e+00       1627
35.201954   5.04954e-01  5.04386e-01   9.999e-01   3.97188e-07  4.45574e-07      -9.70534e+02   9.62865e+02  -7.66930e+00       1633
35.347159   5.04932e-01  5.04401e-01   9.999e-01   3.96197e-07  4.43142e-07      -9.70096e+02   9.62482e+02  -7.61387e+00       1639
35.492600   5.04910e-01  5.04416e-01   9.999e-01   3.95215e-07  4.40754e-07      -9.69668e+02   9.62109e+02  -7.55854e+00       1645
35.638208   5.04889e-01  5.04431e-01   9.999e-01   3.94255e-07  4.38414e-07      -9.69249e+02   9.61745e+02  -7.50408e+00       1651
35.783491   5.04867e-01  5.04445e-01   9.999e-01   3.93308e-07  4.36130e-07      -9.68840e+02   9.61390e+02  -7.45011e+00       1657
35.928334   5.04847e-01  5.04459e-01   9.999e-01   3.92386e-07  4.33900e-07      -9.68442e+02   9.61046e+02  -7.39672e+00       1663
36.073153   5.04826e-01  5.04473e-01   9.999e-01   3.91474e-07  4.31715e-07      -9.68053e+02   9.60710e+02  -7.34307e+00       1669
36.218522   5.04806e-01  5.04487e-01   9.999e-01   3.90570e-07  4.29568e-07      -9.67672e+02   9.60382e+02  -7.28976e+00       1675
36.363918   5.04786e-01  5.04500e-01   9.999e-01   3.89684e-07  4.27470e-07      -9.67300e+02   9.60063e+02  -7.23689e+00       1681
36.508832   5.04766e-01  5.04513e-01   9.999e-01   3.88825e-07  4.25425e-07      -9.66938e+02   9.59753e+02  -7.18479e+00       1687
36.653512   5.04747e-01  5.04526e-01   9.999e-01   3.87970e-07  4.23425e-07      -9.66585e+02   9.59452e+02  -7.13261e+00       1693
36.798476   5.04728e-01  5.04539e-01   9.999e-01   3.87131e-07  4.21466e-07      -9.66239e+02   9.59159e+02  -7.08030e+00       1699
36.943848   5.04709e-01  5.04551e-01   9.999e-01   3.86309e-07  4.19550e-07      -9.65901e+02   9.58873e+02  -7.02800e+00       1705
37.089314   5.04690e-01  5.04564e-01   9.999e-01   3.85502e-07  4.17677e-07      -9.65572e+02   9.58596e+02  -6.97629e+00       1711
37.234633   5.04672e-01  5.04576e-01   9.999e-01   3.84711e-07  4.15850e-07      -9.65251e+02   9.58326e+02  -6.92519e+00       1717
37.379604   5.04654e-01  5.04587e-01   9.999e-01   3.83933e-07  4.14067e-07      -9.64939e+02   9.58065e+02  -6.87437e+00       1723
37.524433   5.04636e-01  5.04599e-01   9.999e-01   3.83174e-07  4.12329e-07      -9.64636e+02   9.57812e+02  -6.82340e+00       1729
37.669326   5.04619e-01  5.04610e-01   9.999e-01   3.82428e-07  4.10631e-07      -9.64340e+02   9.57567e+02  -6.77249e+00       1735
37.814403   5.04602e-01  5.04621e-01   9.999e-01   3.81699e-07  4.08974e-07      -9.64050e+02   9.57329e+02  -6.72121e+00       1741
37.959727   5.04585e-01  5.04632e-01   9.999e-01   3.80981e-07  4.07358e-07      -9.63769e+02   9.57098e+02  -6.67044e+00       1747
38.105025   5.04568e-01  5.04643e-01   9.999e-01   3.80279e-07  4.05779e-07      -9.63494e+02   9.56874e+02  -6.61991e+00       1753
38.250055   5.04552e-01  5.04653e-01   9.999e-01   3.79593e-07  4.04242e-07      -9.63228e+02   9.56658e+02  -6.56987e+00       1759
38.394784   5.04536e-01  5.04663e-01   9.999e-01   3.78924e-07  4.02746e-07      -9.62971e+02   9.56450e+02  -6.52060e+00       1765
38.539546   5.04520e-01  5.04673e-01   9.999e-01   3.78268e-07  4.01285e-07      -9.62719e+02   9.56248e+02  -6.47097e+00       1771
38.684646   5.04505e-01  5.04683e-01   9.999e-01   3.77629e-07  3.99861e-07      -9.62475e+02   9.56054e+02  -6.42156e+00       1777
38.829890   5.04489e-01  5.04692e-01   9.999e-01   3.77002e-07  3.98475e-07      -9.62237e+02   9.55865e+02  -6.37176e+00       1783
38.975112   5.04474e-01  5.04701e-01   9.999e-01   3.76393e-07  3.97130e-07      -9.62006e+02   9.55683e+02  -6.32246e+00       1789
39.120198   5.04460e-01  5.04711e-01   9.999e-01   3.75801e-07  3.95817e-07      -9.61782e+02   9.55508e+02  -6.27383e+00       1795
39.265084   5.04445e-01  5.04719e-01   9.999e-01   3.75222e-07  3.94543e-07      -9.61565e+02   9.55340e+02  -6.22514e+00       1801
39.410002   5.04431e-01  5.04728e-01   9.999e-01   3.74658e-07  3.93304e-07      -9.61354e+02   9.55178e+02  -6.17646e+00       1807
39.555001   5.04417e-01  5.04736e-01   9.999e-01   3.74115e-07  3.92100e-07      -9.61150e+02   9.55022e+02  -6.12774e+00       1813
39.699833   5.04403e-01  5.04745e-01   9.999e-01   3.73588e-07  3.90933e-07      -9.60951e+02   9.54872e+02  -6.07913e+00       1819
39.844825   5.04390e-01  5.04752e-01   9.999e-01   3.73071e-07  3.89797e-07      -9.60759e+02   9.54728e+02  -6.03060e+00       1825
39.990082   5.04377e-01  5.04760e-01   9.999e-01   3.72571e-07  3.88694e-07      -9.60572e+02   9.54590e+02  -5.98222e+00       1831
40.135316   5.04364e-01  5.04768e-01   9.999e-01   3.72091e-07  3.87625e-07      -9.60391e+02   9.54457e+02  -5.93410e+00       1837
40.280228   5.04351e-01  5.04775e-01   9.999e-01   3.71625e-07  3.86591e-07      -9.60216e+02   9.54330e+02  -5.88596e+00       1843
40.424889   5.04339e-01  5.04782e-01   9.999e-01   3.71170e-07  3.85585e-07      -9.60047e+02   9.54209e+02  -5.83810e+00       1849
40.569618   5.04326e-01  5.04789e-01   9.999e-01   3.70733e-07  3.84614e-07      -9.59882e+02   9.54093e+02  -5.78962e+00       1855
40.714496   5.04314e-01  5.04796e-01   9.999e-01   3.70317e-07  3.83674e-07      -9.59723e+02   9.53982e+02  -5.74068e+00       1861
40.859621   5.04303e-01  5.04803e-01   9.999e-01   3.69912e-07  3.82767e-07      -9.59567e+02   9.53876e+02  -5.69109e+00       1867
41.004935   5.04291e-01  5.04809e-01   9.999e-01   3.69530e-07  3.81893e-07      -9.59416e+02   9.53774e+02  -5.64133e+00       1873
41.150029   5.04280e-01  5.04815e-01   9.999e-01   3.69160e-07  3.81049e-07      -9.59269e+02   9.53677e+02  -5.59192e+00       1879
41.294647   5.04269e-01  5.04821e-01   9.999e-01   3.68812e-07  3.80240e-07      -9.59128e+02   9.53585e+02  -5.54270e+00       1885
41.439117   5.04258e-01  5.04827e-01   9.999e-01   3.68478e-07  3.79459e-07      -9.58991e+02   9.53497e+02  -5.49329e+00       1891
41.583763   5.04248e-01  5.04832e-01   9.999e-01   3.68159e-07  3.78711e-07      -9.58856e+02   9.53413e+02  -5.44295e+00       1897
41.728657   5.04238e-01  5.04838e-01   9.999e-01   3.67859e-07  3.77993e-07      -9.58725e+02   9.53332e+02  -5.39259e+00       1903
41.873603   5.04228e-01  5.04843e-01   9.999e-01   3.67581e-07  3.77306e-07      -9.58597e+02   9.53255e+02  -5.34183e+00       1909
42.018280   5.04218e-01  5.04848e-01   9.999e-01   3.67317e-07  3.76653e-07      -9.58471e+02   9.53180e+02  -5.29093e+00       1915
42.162885   5.04209e-01  5.04852e-01   9.999e-01   3.67068e-07  3.76029e-07      -9.58349e+02   9.53109e+02  -5.23959e+00       1921
42.307707   5.04199e-01  5.04857e-01   9.999e-01   3.66842e-07  3.75434e-07      -9.58228e+02   9.53040e+02  -5.18773e+00       1927
42.452772   5.04190e-01  5.04861e-01   9.999e-01   3.66628e-07  3.74871e-07      -9.58109e+02   9.52974e+02  -5.13505e+00       1933
42.597915   5.04182e-01  5.04865e-01   9.999e-01   3.66435e-07  3.74337e-07      -9.57991e+02   9.52909e+02  -5.08196e+00       1939
42.743079   5.04173e-01  5.04869e-01   9.999e-01   3.66252e-07  3.73829e-07      -9.57874e+02   9.52846e+02  -5.02845e+00       1945
42.888040   5.04165e-01  5.04873e-01   9.999e-01   3.66087e-07  3.73351e-07      -9.57759e+02   9.52784e+02  -4.97453e+00       1951
43.032873   5.04157e-01  5.04877e-01   9.999e-01   3.65940e-07  3.72907e-07      -9.57644e+02   9.52724e+02  -4.91957e+00       1957
