0.034926   1.45944e-01  1.45943e-01   1.000e+00   7.50613e-08  1.20795e-01       1.54484e+03   1.66679e+03   3.21164e+03          7
0.071298   1.46495e-01  1.46494e-01   1.000e+00   7.85518e-08  7.19593e-02       3.10830e+03   3.35581e+03   6.46411e+03         13
0.115935   1.47661e-01  1.47661e-01   1.000e+00   8.29543e-08  4.28410e-02       4.92423e+03   5.31916e+03   1.02434e+04         19
0.170970   1.49795e-01  1.49793e-01   1.000e+00   8.81177e-08  3.05844e-02       6.97638e+03   7.54101e+03   1.45174e+04         25
0.239447   1.53412e-01  1.53410e-01   1.000e+00   9.39870e-08  3.09983e-02       9.23305e+03   9.98979e+03   1.92228e+04         31
0.315391   1.58515e-01  1.58512e-01   1.000e+00   9.97978e-08  3.86130e-02       1.13792e+04   1.23263e+04   2.37056e+04         37
0.392523   1.64700e-01  1.64696e-01   1.000e+00   1.04833e-07  4.82965e-02       1.32257e+04   1.43449e+04   2.75707e+04         43
0.469827   1.71759e-01  1.71755e-01   1.000e+00   1.08997e-07  5.79147e-02       1.47908e+04   1.60641e+04   3.08549e+04         49
0.547841   1.79624e-01  1.79618e-01   1.000e+00   1.12417e-07  6.68132e-02       1.61240e+04   1.75367e+04   3.36606e+04         55
0.626145   1.88150e-01  1.88142e-01   1.000e+00   1.15282e-07  7.46680e-02       1.72479e+04   1.87859e+04   3.60338e+04         61
0.703223   1.97062e-01  1.97052e-01   1.000e+00   1.17698e-07  8.12567e-02       1.81707e+04   1.98189e+04   3.79896e+04         67
0.778533   2.06184e-01  2.06173e-01   1.000e+00   1.19738e-07  8.65799e-02       1.89158e+04   2.06600e+04   3.95758e+04         73
0.852893   2.15524e-01  2.15511e-01   1.000e+00   1.21489e-07  9.07692e-02       1.95145e+04   2.13429e+04   4.08575e+04         79
0.927633   2.25181e-01  2.25165e-01   1.000e+00   1.22992e-07  9.39459e-02       1.99913e+04   2.18942e+04   4.18855e+04         85
1.003615   2.35215e-01  2.35196e-01   1.000e+00   1.24267e-07  9.61626e-02       2.03584e+04   2.23269e+04   4.26853e+04         91
1.080817   2.45576e-01  2.45554e-01   1.000e+00   1.25271e-07  9.74329e-02       2.06196e+04   2.26451e+04   4.32647e+04         97
1.159743   2.56285e-01  2.56260e-01   1.000e+00   1.25958e-07  9.77851e-02       2.07797e+04   2.28536e+04   4.36333e+04        103
1.239464   2.67168e-01  2.67139e-01   1.000e+00   1.26224e-07  9.72567e-02       2.08404e+04   2.29538e+04   4.37942e+04        109
1.319636   2.78128e-01  2.78095e-01   1.000e+00   1.26026e-07  9.59227e-02       2.08075e+04   2.29515e+04   4.37590e+04        115
1.399227   2.88977e-01  2.88939e-01   1.000e+00   1.25395e-07  9.38971e-02       2.06896e+04   2.28553e+04   4.35449e+04        121
1.477597   2.99589e-01  2.99546e-01   1.000e+00   1.24443e-07  9.13119e-02       2.04975e+04   2.26769e+04   4.31744e+04        127
1.555218   3.09992e-01  3.09944e-01   1.000e+00   1.23355e-07  8.82609e-02       2.02394e+04   2.24254e+04   4.26648e+04        133
1.632461   3.20206e-01  3.20153e-01   1.000e+00   1.22140e-07  8.48226e-02       1.99218e+04   2.21077e+04   4.20294e+04        139
1.709865   3.30273e-01  3.30215e-01   1.000e+00   1.20877e-07  8.10533e-02       1.95483e+04   2.17281e+04   4.12764e+04        145
1.787101   3.40125e-01  3.40062e-01   1.000e+00   1.19497e-07  7.70426e-02       1.91261e+04   2.12944e+04   4.04206e+04        151
1.864334   3.49759e-01  3.49689e-01   1.000e+00   1.18044e-07  7.28514e-02       1.86597e+04   2.08116e+04   3.94713e+04        157
1.942507   3.59266e-01  3.59191e-01   1.000e+00   1.16469e-07  6.84897e-02       1.81478e+04   2.02785e+04   3.84263e+04        163
2.021589   3.68616e-01  3.68533e-01   1.000e+00   1.14852e-07  6.40155e-02       1.75942e+04   1.96993e+04   3.72935e+04        169
2.101779   3.77803e-01  3.77713e-01   1.000e+00   1.13260e-07  5.94713e-02       1.70011e+04   1.90767e+04   3.60778e+04        175
2.182721   3.86760e-01  3.86662e-01   1.000e+00   1.11798e-07  5.49284e-02       1.63750e+04   1.84176e+04   3.47927e+04        181
2.264953   3.95521e-01  3.95414e-01   1.000e+00   1.10518e-07  5.04049e-02       1.57158e+04   1.77221e+04   3.34378e+04        187
2.347937   4.04004e-01  4.03889e-01   1.000e+00   1.09403e-07  4.59742e-02       1.50315e+04   1.69989e+04   3.20304e+04        193
2.432165   4.12238e-01  4.12113e-01   1.000e+00   1.08438e-07  4.16501e-02       1.43222e+04   1.62485e+04   3.05706e+04        199
2.516784   4.20120e-01  4.19985e-01   1.000e+00   1.07601e-07  3.75101e-02       1.35992e+04   1.54829e+04   2.90821e+04        205
2.602083   4.27667e-01  4.27521e-01   1.000e+00   1.06812e-07  3.35664e-02       1.28642e+04   1.47042e+04   2.75685e+04        211
2.688456   4.34897e-01  4.34740e-01   1.000e+00   1.06037e-07  2.98246e-02       1.21179e+04   1.39134e+04   2.60313e+04        217
2.775682   4.41779e-01  4.41610e-01   1.000e+00   1.05255e-07  2.63136e-02       1.13660e+04   1.31169e+04   2.44829e+04        223
2.863679   4.48297e-01  4.48114e-01   1.000e+00   1.04450e-07  2.30499e-02       1.06132e+04   1.23198e+04   2.29330e+04        229
2.952785   4.54466e-01  4.54269e-01   1.000e+00   1.03648e-07  2.00305e-02       9.86042e+03   1.15233e+04   2.13837e+04        235
3.042399   4.60239e-01  4.60028e-01   1.000e+00   1.02869e-07  1.72792e-02       9.11628e+03   1.07367e+04   1.98530e+04        241
3.131819   4.65578e-01  4.65352e-01   1.000e+00   1.02130e-07  1.48113e-02       8.38973e+03   9.96980e+03   1.83595e+04        247
3.221563   4.70523e-01  4.70281e-01   1.000e+00   1.01403e-07  1.26015e-02       7.67934e+03   9.22114e+03   1.69005e+04        253
3.311425   4.75071e-01  4.74814e-01   1.000e+00   1.00692e-07  1.06431e-02       6.98928e+03   8.49529e+03   1.54846e+04        259
3.401345   4.79232e-01  4.78958e-01   1.000e+00   9.99604e-08  8.92220e-03       6.32217e+03   7.79515e+03   1.41173e+04        265
3.491290   4.83018e-01  4.82727e-01   1.000e+00   9.91675e-08  7.42250e-03       5.68011e+03   7.12297e+03   1.28031e+04        271
3.581675   4.86458e-01  4.86151e-01   1.000e+00   9.83057e-08  6.12060e-03       5.06184e+03   6.47756e+03   1.15394e+04        277
3.672568   4.89567e-01  4.89242e-01   1.000e+00   9.73858e-08  4.99999e-03       4.46860e+03   5.86026e+03   1.03289e+04        283
3.764295   4.92366e-01  4.92023e-01   1.000e+00   9.64332e-08  4.04162e-03       3.89991e+03   5.27061e+03   9.17053e+03        289
3.856761   4.94861e-01  4.94500e-01   1.000e+00   9.54233e-08  3.23177e-03       3.35790e+03   4.71090e+03   8.06880e+03        295
3.950032   4.97066e-01  4.96686e-01   1.000e+00   9.43511e-08  2.55485e-03       2.84348e+03   4.18206e+03   7.02554e+03        301
4.044417   4.98998e-01  4.98599e-01   1.000e+00   9.31653e-08  1.99448e-03       2.35623e+03   3.68369e+03   6.03992e+03        307
4.139736   5.00665e-01  5.00247e-01   1.000e+00   9.17952e-08  1.53805e-03       1.89820e+03   3.21785e+03   5.11605e+03        313
4.236124   5.02082e-01  5.01646e-01   1.000e+00   9.01948e-08  1.17152e-03       1.46962e+03   2.78475e+03   4.25437e+03        319
4.333258   5.03259e-01  5.02804e-01   1.000e+00   8.83393e-08  8.83090e-04       1.07248e+03   2.38629e+03   3.45877e+03        325
4.431031   5.04211e-01  5.03737e-01   1.000e+00   8.62683e-08  6.60490e-04       7.07303e+02   2.02289e+03   2.73019e+03        331
4.529636   5.04956e-01  5.04464e-01   1.000e+00   8.39812e-08  4.91875e-04       3.73288e+02   1.69358e+03   2.06687e+03        337
4.628434   5.05509e-01  5.04999e-01   1.000e+00   8.15736e-08  3.67845e-04       7.20874e+01   1.39977e+03   1.47186e+03        343
4.727670   5.05889e-01  5.05363e-01   1.000e+00   7.90640e-08  2.78687e-04      -1.97940e+02   1.13960e+03   9.41656e+02        349
4.827541   5.06116e-01  5.05573e-01   1.000e+00   7.64898e-08  2.16397e-04      -4.38170e+02   9.11448e+02   4.73278e+02        355
4.928384   5.06207e-01  5.05648e-01   1.000e+00   7.38644e-08  1.74316e-04      -6.50168e+02   7.13559e+02   6.33910e+01        361
5.030588   5.06177e-01  5.05603e-01   1.000e+00   7.12350e-08  1.47044e-04      -8.35354e+02   5.44315e+02  -2.91039e+02        367
5.133823   5.06041e-01  5.05452e-01   1.000e+00   6.86170e-08  1.30333e-04      -9.93879e+02   4.03250e+02  -5.90629e+02        373
5.238965   5.05812e-01  5.05209e-01   1.000e+00   6.60270e-08  1.20576e-04      -1.12781e+03   2.88181e+02  -8.39625e+02        379
5.346128   5.05502e-01  5.04886e-01   1.000e+00   6.34856e-08  1.15089e-04      -1.23782e+03   1.98172e+02  -1.03965e+03        385
5.454948   5.05128e-01  5.04500e-01   1.000e+00   6.10273e-08  1.11815e-04      -1.32439e+03   1.32394e+02  -1.19199e+03        391
5.564900   5.04705e-01  5.04065e-01   1.000e+00   5.86807e-08  1.09255e-04      -1.38842e+03   8.95253e+01  -1.29890e+03        397
5.675217   5.04251e-01  5.03601e-01   1.000e+00   5.64655e-08  1.06445e-04      -1.43133e+03   6.77220e+01  -1.36360e+03        403
5.785641   5.03780e-01  5.03121e-01   1.000e+00   5.43875e-08  1.02866e-04      -1.45516e+03   6.45950e+01  -1.39056e+03        409
5.896254   5.03304e-01  5.02636e-01   1.000e+00   5.24428e-08  9.83359e-05      -1.46210e+03   7.77205e+01  -1.38438e+03        415
6.007480   5.02832e-01  5.02158e-01   1.000e+00   5.06167e-08  9.28874e-05      -1.45420e+03   1.04913e+02  -1.34929e+03        421
6.119739   5.02373e-01  5.01692e-01   1.000e+00   4.88973e-08  8.66885e-05      -1.43323e+03   1.44248e+02  -1.28898e+03        427
6.233002   5.01934e-01  5.01247e-01   1.000e+00   4.72857e-08  8.00113e-05      -1.40093e+03   1.93786e+02  -1.20715e+03        433
6.346663   5.01525e-01  5.00834e-01   1.000e+00   4.57823e-08  7.31976e-05      -1.35928e+03   2.51313e+02  -1.10796e+03        439
6.460808   5.01152e-01  5.00457e-01   1.000e+00   4.43810e-08  6.65373e-05      -1.31001e+03   3.14967e+02  -9.95046e+02        445
6.575827   5.00818e-01  5.00121e-01   1.000e+00   4.30653e-08  6.02631e-05      -1.25462e+03   3.83218e+02  -8.71403e+02        451
6.691865   5.00527e-01  4.99828e-01   1.000e+00   4.18310e-08  5.45704e-05      -1.19456e+03   4.54538e+02  -7.40020e+02        457
6.808523   5.00282e-01  4.99582e-01   1.000e+00   4.06746e-08  4.96168e-05      -1.13149e+03   5.27172e+02  -6.04316e+02        463
6.925313   5.00087e-01  4.99387e-01   1.000e+00   3.95949e-08  4.54855e-05      -1.06705e+03   5.99441e+02  -4.67606e+02        469
7.042167   4.99941e-01  4.99241e-01   1.000e+00   3.85851e-08  4.21744e-05      -1.00251e+03   6.70091e+02  -3.32416e+02        475
7.159310   4.99843e-01  4.99145e-01   1.000e+00   3.76359e-08  3.96230e-05      -9.38838e+02   7.38220e+02  -2.00617e+02        481
7.277037   4.99792e-01  4.99095e-01   1.000e+00   3.67404e-08  3.77372e-05      -8.76834e+02   8.03100e+02  -7.37340e+01        487
7.395168   4.99786e-01  4.99092e-01   1.000e+00   3.58953e-08  3.64056e-05      -8.17423e+02   8.63870e+02   4.64473e+01        493
7.513372   4.99822e-01  4.99131e-01   1.000e+00   3.50961e-08  3.54997e-05      -7.61454e+02   9.19777e+02   1.58323e+02        499
7.631673   4.99898e-01  4.99211e-01   1.000e+00   3.43385e-08  3.48828e-05      -7.09458e+02   9.70404e+02   2.60946e+02        505
7.750173   5.00010e-01  4.99327e-01   1.000e+00   3.36215e-08  3.44254e-05      -6.61814e+02   1.01549e+03   3.53679e+02        511
7.868888   5.00154e-01  4.99476e-01   1.000e+00   3.29400e-08  3.40123e-05      -6.18829e+02   1.05486e+03   4.36033e+02        517
7.987735   5.00327e-01  4.99654e-01   1.000e+00   3.22899e-08  3.35468e-05      -5.80743e+02   1.08841e+03   5.07666e+02        523
8.106271   5.00523e-01  4.99856e-01   1.000e+00   3.16777e-08  3.29561e-05      -5.47771e+02   1.11607e+03   5.68296e+02        529
8.224444   5.00739e-01  5.00079e-01   1.000e+00   3.10957e-08  3.21895e-05      -5.19888e+02   1.13801e+03   6.18121e+02        535
8.342109   5.00971e-01  5.00316e-01   1.000e+00   3.05433e-08  3.12204e-05      -4.96999e+02   1.15447e+03   6.57474e+02        541
8.458873   5.01212e-01  5.00565e-01   1.000e+00   3.00225e-08  3.00453e-05      -4.78955e+02   1.16576e+03   6.86801e+02        547
8.574273   5.01460e-01  5.00820e-01   1.000e+00   2.95335e-08  2.86802e-05      -4.65517e+02   1.17225e+03   7.06735e+02        553
8.688381   5.01710e-01  5.01078e-01   9.999e-01   2.90734e-08  2.71490e-05      -4.56307e+02   1.17444e+03   7.18138e+02        559
8.802008   5.01961e-01  5.01337e-01   9.999e-01   2.86354e-08  2.54707e-05      -4.50928e+02   1.17278e+03   7.21852e+02        565
8.915917   5.02214e-01  5.01597e-01   9.999e-01   2.82185e-08  2.36675e-05      -4.49061e+02   1.16761e+03   7.18551e+02        571
9.030308   5.02464e-01  5.01856e-01   9.999e-01   2.78196e-08  2.17719e-05      -4.50448e+02   1.15927e+03   7.08818e+02        577
9.144905   5.02711e-01  5.02111e-01   9.999e-01   2.74391e-08  1.98259e-05      -4.54810e+02   1.14811e+03   6.93299e+02        583
9.259802   5.02951e-01  5.02361e-01   9.999e-01   2.70752e-08  1.78653e-05      -4.61855e+02   1.13449e+03   6.72636e+02        589
9.375208   5.03185e-01  5.02603e-01   9.999e-01   2.67263e-08  1.59227e-05      -4.71301e+02   1.11874e+03   6.47436e+02        595
9.491076   5.03409e-01  5.02837e-01   9.999e-01   2.63913e-08  1.40315e-05      -4.82849e+02   1.10120e+03   6.18348e+02        601
9.607557   5.03623e-01  5.03060e-01   9.999e-01   2.60694e-08  1.22184e-05      -4.96220e+02   1.08219e+03   5.85967e+02        607
9.724559   5.03826e-01  5.03272e-01   9.999e-01   2.57586e-08  1.05094e-05      -5.11110e+02   1.06205e+03   5.50936e+02        613
9.841891   5.04016e-01  5.03472e-01   9.999e-01   2.54585e-08  8.92596e-06      -5.27204e+02   1.04113e+03   5.13922e+02        619
9.959563   5.04193e-01  5.03659e-01   9.999e-01   2.51692e-08  7.48115e-06      -5.44220e+02   1.01972e+03   4.75504e+02        625
10.077375   5.04356e-01  5.03831e-01   9.999e-01   2.48908e-08  6.18503e-06      -5.61856e+02   9.98158e+02   4.36303e+02        631
10.195356   5.04504e-01  5.03989e-01   9.999e-01   2.46204e-08  5.03958e-06      -5.79859e+02   9.76680e+02   3.96821e+02        637
10.313525   5.04638e-01  5.04133e-01   9.999e-01   2.43581e-08  4.04277e-06      -5.97997e+02   9.55516e+02   3.57519e+02        643
10.431852   5.04758e-01  5.04262e-01   9.999e-01   2.41026e-08  3.18935e-06      -6.16048e+02   9.34877e+02   3.18829e+02        649
10.550321   5.04864e-01  5.04378e-01   9.999e-01   2.38538e-08  2.47093e-06      -6.33817e+02   9.14942e+02   2.81126e+02        655
10.668493   5.04957e-01  5.04480e-01   9.999e-01   2.36116e-08  1.87884e-06      -6.51067e+02   8.95933e+02   2.44866e+02        661
10.786520   5.05036e-01  5.04568e-01   9.999e-01   2.33753e-08  1.39923e-06      -6.67679e+02   8.77940e+02   2.10261e+02        667
10.904531   5.05102e-01  5.04644e-01   9.999e-01   2.31446e-08  1.01829e-06      -6.83546e+02   8.61037e+02   1.77490e+02        673
11.022299   5.05157e-01  5.04708e-01   9.999e-01   2.29185e-08  7.23278e-07      -6.98540e+02   8.45325e+02   1.46785e+02        679
11.140124   5.05201e-01  5.04761e-01   9.999e-01   2.26966e-08  5.00370e-07      -7.12619e+02   8.30811e+02   1.18191e+02        685
11.257758   5.05235e-01  5.04804e-01   9.999e-01   2.24795e-08  3.37762e-07      -7.25694e+02   8.17552e+02   9.18573e+01        691
11.374926   5.05259e-01  5.04838e-01   9.999e-01   2.22671e-08  2.24199e-07      -7.37699e+02   8.05581e+02   6.78817e+01        697
11.491805   5.05276e-01  5.04863e-01   9.999e-01   2.20592e-08  1.49073e-07      -7.48636e+02   7.94862e+02   4.62263e+01        703
11.608532   5.05284e-01  5.04881e-01   9.999e-01   2.18552e-08  1.03351e-07      -7.58511e+02   7.85358e+02   2.68462e+01        709
11.724914   5.05287e-01  5.04891e-01   9.999e-01   2.16550e-08  7.94547e-08      -7.67318e+02   7.77043e+02   9.72567e+00        715
11.840995   5.05283e-01  5.04896e-01   9.999e-01   2.14590e-08  7.09603e-08      -7.75081e+02   7.69865e+02  -5.21637e+00        721
11.956845   5.05274e-01  5.04896e-01   9.999e-01   2.12667e-08  7.26792e-08      -7.81837e+02   7.63761e+02  -1.80761e+01        727
12.072651   5.05262e-01  5.04892e-01   9.999e-01   2.10775e-08  8.05405e-08      -7.87632e+02   7.58661e+02  -2.89711e+01        733
12.188329   5.05245e-01  5.04884e-01   9.999e-01   2.08915e-08  9.14247e-08      -7.92504e+02   7.54502e+02  -3.80023e+01        739
12.303946   5.05226e-01  5.04873e-01   9.999e-01   2.07089e-08  1.03030e-07      -7.96506e+02   7.51215e+02  -4.52905e+01        745
12.419785   5.05204e-01  5.04859e-01   9.999e-01   2.05291e-08  1.13775e-07      -7.99695e+02   7.48725e+02  -5.09707e+01        751
12.535704   5.05181e-01  5.04844e-01   9.999e-01   2.03526e-08  1.22592e-07      -8.02120e+02   7.46965e+02  -5.51552e+01        757
12.651988   5.05157e-01  5.04827e-01   9.999e-01   2.01785e-08  1.28913e-07      -8.03842e+02   7.45864e+02  -5.79785e+01        763
12.768527   5.05131e-01  5.04809e-01   9.999e-01   2.00074e-08  1.32489e-07      -8.04915e+02   7.45354e+02  -5.95610e+01        769
12.885473   5.05106e-01  5.04791e-01   9.999e-01   1.98386e-08  1.33343e-07      -8.05396e+02   7.45368e+02  -6.00280e+01        775
13.002692   5.05080e-01  5.04773e-01   9.999e-01   1.96726e-08  1.31692e-07      -8.05343e+02   7.45839e+02  -5.95035e+01        781
13.120306   5.05055e-01  5.04755e-01   9.999e-01   1.95094e-08  1.27884e-07      -8.04815e+02   7.46704e+02  -5.81114e+01        787
13.238361   5.05030e-01  5.04738e-01   9.999e-01   1.93484e-08  1.22331e-07      -8.03869e+02   7.47899e+02  -5.59706e+01        793
13.356797   5.05006e-01  5.04721e-01   9.999e-01   1.91902e-08  1.15483e-07      -8.02564e+02   7.49364e+02  -5.31994e+01        799
13.475641   5.04983e-01  5.04705e-01   9.999e-01   1.90339e-08  1.07776e-07      -8.00954e+02   7.51043e+02  -4.99104e+01        805
13.594666   5.04962e-01  5.04691e-01   9.999e-01   1.88806e-08  9.96110e-08      -7.99094e+02   7.52880e+02  -4.62140e+01        811
13.714146   5.04942e-01  5.04678e-01   9.999e-01   1.87296e-08  9.13427e-08      -7.97035e+02   7.54828e+02  -4.22075e+01        817
13.833797   5.04923e-01  5.04666e-01   9.999e-01   1.85809e-08  8.32666e-08      -7.94828e+02   7.56837e+02  -3.79909e+01        823
13.953781   5.04906e-01  5.04656e-01   9.999e-01   1.84342e-08  7.56103e-08      -7.92517e+02   7.58869e+02  -3.36482e+01        829
14.073971   5.04891e-01  5.04648e-01   9.999e-01   1.82901e-08  6.85398e-08      -7.90146e+02   7.60883e+02  -2.92627e+01        835
14.194433   5.04877e-01  5.04641e-01   9.999e-01   1.81480e-08  6.21461e-08      -7.87751e+02   7.62850e+02  -2.49005e+01        841
14.315259   5.04866e-01  5.04636e-01   9.999e-01   1.80078e-08  5.64798e-08      -7.85365e+02   7.64744e+02  -2.06210e+01        847
14.436406   5.04855e-01  5.04632e-01   9.999e-01   1.78693e-08  5.15483e-08      -7.83019e+02   7.66538e+02  -1.64806e+01        853
14.557857   5.04846e-01  5.04630e-01   9.999e-01   1.77324e-08  4.73243e-08      -7.80740e+02   7.68215e+02  -1.25252e+01        859
14.679640   5.04839e-01  5.04629e-01   9.999e-01   1.75969e-08  4.37540e-08      -7.78551e+02   7.69757e+02  -8.79390e+00        865
14.801551   5.04833e-01  5.04630e-01   9.999e-01   1.74629e-08  4.07702e-08      -7.76474e+02   7.71152e+02  -5.32237e+00        871
14.923242   5.04828e-01  5.04631e-01   9.999e-01   1.73314e-08  3.82941e-08      -7.74529e+02   7.72390e+02  -2.13912e+00        877
15.044482   5.04825e-01  5.04634e-01   9.999e-01   1.72025e-08  3.62417e-08      -7.72728e+02   7.73467e+02   7.38938e-01        883
15.165304   5.04822e-01  5.04638e-01   9.999e-01   1.70762e-08  3.45298e-08      -7.71075e+02   7.74385e+02   3.30984e+00        889
15.285878   5.04821e-01  5.04643e-01   9.999e-01   1.69523e-08  3.30822e-08      -7.69572e+02   7.75148e+02   5.57627e+00        895
15.406297   5.04820e-01  5.04648e-01   9.999e-01   1.68304e-08  3.18330e-08      -7.68220e+02   7.75760e+02   7.54013e+00        901
15.526696   5.04820e-01  5.04654e-01   9.999e-01   1.67104e-08  3.07245e-08      -7.67018e+02   7.76226e+02   9.20855e+00        907
15.647158   5.04821e-01  5.04661e-01   9.999e-01   1.65922e-08  2.97120e-08      -7.65962e+02   7.76555e+02   1.05923e+01        913
15.767635   5.04822e-01  5.04668e-01   9.999e-01   1.64754e-08  2.87608e-08      -7.65051e+02   7.76753e+02   1.17018e+01        919
15.888074   5.04824e-01  5.04675e-01   9.999e-01   1.63608e-08  2.78463e-08      -7.64278e+02   7.76830e+02   1.25524e+01        925
16.008461   5.04826e-01  5.04683e-01   9.999e-01   1.62473e-08  2.69517e-08      -7.63636e+02   7.76796e+02   1.31603e+01        931
16.128868   5.04828e-01  5.04690e-01   9.999e-01   1.61357e-08  2.60668e-08      -7.63117e+02   7.76661e+02   1.35441e+01        937
16.249326   5.04831e-01  5.04698e-01   9.999e-01   1.60255e-08  2.51874e-08      -7.62714e+02   7.76435e+02   1.37214e+01        943
16.369815   5.04833e-01  5.04706e-01   9.999e-01   1.59167e-08  2.43158e-08      -7.62416e+02   7.76129e+02   1.37135e+01        949
16.490302   5.04836e-01  5.04714e-01   9.999e-01   1.58094e-08  2.34550e-08      -7.62215e+02   7.75754e+02   1.35396e+01        955
16.610739   5.04838e-01  5.04721e-01   9.999e-01   1.57034e-08  2.26129e-08      -7.62100e+02   7.75321e+02   1.32203e+01        961
16.731134   5.04841e-01  5.04728e-01   9.999e-01   1.55989e-08  2.17965e-08      -7.62063e+02   7.74839e+02   1.27766e+01        967
16.851527   5.04843e-01  5.04735e-01   9.999e-01   1.54956e-08  2.10118e-08      -7.62092e+02   7.74318e+02   1.22264e+01        973
16.971881   5.04845e-01  5.04742e-01   9.999e-01   1.53936e-08  2.02669e-08      -7.62178e+02   7.73767e+02   1.15893e+01        979
17.092238   5.04847e-01  5.04749e-01   9.999e-01   1.52931e-08  1.95663e-08      -7.62313e+02   7.73195e+02   1.08824e+01        985
17.212624   5.04849e-01  5.04755e-01   9.999e-01   1.51936e-08  1.89154e-08      -7.62487e+02   7.72609e+02   1.01222e+01        991
17.333096   5.04850e-01  5.04761e-01   9.999e-01   1.50952e-08  1.83161e-08      -7.62693e+02   7.72016e+02   9.32285e+00        997
17.453564   5.04851e-01  5.04767e-01   9.999e-01   1.49980e-08  1.77714e-08      -7.62921e+02   7.71422e+02   8.50098e+00       1003
17.573940   5.04852e-01  5.04772e-01   9.999e-01   1.49021e-08  1.72815e-08      -7.63166e+02   7.70835e+02   7.66888e+00       1009
17.694327   5.04852e-01  5.04777e-01   9.999e-01   1.48073e-08  1.68445e-08      -7.63420e+02   7.70259e+02   6.83805e+00       1015
17.814809   5.04853e-01  5.04781e-01   9.999e-01   1.47135e-08  1.64581e-08      -7.63678e+02   7.69696e+02   6.01770e+00       1021
17.935320   5.04853e-01  5.04785e-01   9.999e-01   1.46208e-08  1.61195e-08      -7.63935e+02   7.69152e+02   5.21756e+00       1027
18.055864   5.04852e-01  5.04789e-01   9.999e-01   1.45291e-08  1.58251e-08      -7.64184e+02   7.68631e+02   4.44662e+00       1033
18.176347   5.04852e-01  5.04793e-01   9.999e-01   1.44386e-08  1.55703e-08      -7.64423e+02   7.68133e+02   3.71030e+00       1039
18.296884   5.04851e-01  5.04796e-01   9.999e-01   1.43491e-08  1.53502e-08      -7.64647e+02   7.67661e+02   3.01375e+00       1045
18.417427   5.04850e-01  5.04799e-01   9.999e-01   1.42608e-08  1.51610e-08      -7.64855e+02   7.67216e+02   2.36154e+00       1051
18.537992   5.04849e-01  5.04802e-01   9.999e-01   1.41735e-08  1.49969e-08      -7.65043e+02   7.66799e+02   1.75612e+00       1057
18.658492   5.04847e-01  5.04805e-01   9.999e-01   1.40874e-08  1.48542e-08      -7.65210e+02   7.66410e+02   1.19979e+00       1063
18.779070   5.04846e-01  5.04807e-01   9.999e-01   1.40022e-08  1.47287e-08      -7.65355e+02   7.66050e+02   6.94218e-01       1069
18.899796   5.04844e-01  5.04809e-01   9.999e-01   1.39181e-08  1.46170e-08      -7.65477e+02   7.65717e+02   2.40244e-01       1075
19.020547   5.04842e-01  5.04811e-01   9.999e-01   1.38350e-08  1.45156e-08      -7.65574e+02   7.65411e+02  -1.63080e-01       1081
19.141255   5.04840e-01  5.04813e-01   9.998e-01   1.37530e-08  1.44214e-08      -7.65648e+02   7.65132e+02  -5.16702e-01       1087
19.261952   5.04838e-01  5.04814e-01   9.998e-01   1.36719e-08  1.43322e-08      -7.65699e+02   7.64877e+02  -8.21502e-01       1093
19.382662   5.04836e-01  5.04816e-01   9.998e-01   1.35919e-08  1.42465e-08      -7.65727e+02   7.64645e+02  -1.08190e+00       1099
19.503446   5.04834e-01  5.04817e-01   9.998e-01   1.35129e-08  1.41629e-08      -7.65734e+02   7.64435e+02  -1.29837e+00       1105
19.624279   5.04831e-01  5.04818e-01   9.998e-01   1.34349e-08  1.40803e-08      -7.65719e+02   7.64247e+02  -1.47262e+00       1111
19.745142   5.04829e-01  5.04819e-01   9.998e-01   1.33580e-08  1.39977e-08      -7.65686e+02   7.64075e+02  -1.61049e+00       1117
19.866009   5.04827e-01  5.04820e-01   9.998e-01   1.32819e-08  1.39146e-08      -7.65634e+02   7.63921e+02  -1.71291e+00       1123
19.986891   5.04824e-01  5.04821e-01   9.998e-01   1.32071e-08  1.38312e-08      -7.65566e+02   7.63783e+02  -1.78327e+00       1129
20.107858   5.04822e-01  5.04822e-01   9.998e-01   1.31332e-08  1.37474e-08      -7.65482e+02   7.63658e+02  -1.82458e+00       1135
20.228824   5.04819e-01  5.04823e-01   9.998e-01   1.30602e-08  1.36631e-08      -7.65385e+02   7.63544e+02  -1.84089e+00       1141
20.349804   5.04817e-01  5.04824e-01   9.998e-01   1.29882e-08  1.35784e-08      -7.65277e+02   7.63442e+02  -1.83494e+00       1147
20.470772   5.04815e-01  5.04825e-01   9.998e-01   1.29171e-08  1.34935e-08      -7.65157e+02   7.63348e+02  -1.80934e+00       1153
20.591695   5.04813e-01  5.04826e-01   9.998e-01   1.28470e-08  1.34089e-08      -7.65030e+02   7.63261e+02  -1.76889e+00       1159
20.712695   5.04810e-01  5.04827e-01   9.998e-01   1.27777e-08  1.33249e-08      -7.64896e+02   7.63181e+02  -1.71513e+00       1165
20.833747   5.04808e-01  5.04828e-01   9.998e-01   1.27096e-08  1.32418e-08      -7.64755e+02   7.63105e+02  -1.65044e+00       1171
20.954737   5.04806e-01  5.04829e-01   9.998e-01   1.26422e-08  1.31595e-08      -7.64611e+02   7.63033e+02  -1.57757e+00       1177
21.075793   5.04804e-01  5.04830e-01   9.998e-01   1.25757e-08  1.30785e-08      -7.64463e+02   7.62964e+02  -1.49877e+00       1183
21.196854   5.04802e-01  5.04831e-01   9.998e-01   1.25102e-08  1.29986e-08      -7.64313e+02   7.62897e+02  -1.41622e+00       1189
21.317953   5.04800e-01  5.04832e-01   9.998e-01   1.24455e-08  1.29206e-08      -7.64163e+02   7.62831e+02  -1.33216e+00       1195
21.439046   5.04798e-01  5.04833e-01   9.998e-01   1.23818e-08  1.28440e-08      -7.64012e+02   7.62766e+02  -1.24678e+00       1201
21.560146   5.04796e-01  5.04834e-01   9.998e-01   1.23188e-08  1.27691e-08      -7.63863e+02   7.62700e+02  -1.16249e+00       1207
21.681258   5.04794e-01  5.04835e-01   9.998e-01   1.22567e-08  1.26958e-08      -7.63715e+02   7.62635e+02  -1.08046e+00       1213
21.802430   5.04792e-01  5.04836e-01   9.998e-01   1.21954e-08  1.26244e-08      -7.63570e+02   7.62568e+02  -1.00269e+00       1219
21.923636   5.04791e-01  5.04837e-01   9.998e-01   1.21348e-08  1.25546e-08      -7.63428e+02   7.62500e+02  -9.28570e-01       1225
22.044827   5.04789e-01  5.04838e-01   9.998e-01   1.20751e-08  1.24864e-08      -7.63290e+02   7.62430e+02  -8.59875e-01       1231
22.166065   5.04787e-01  5.04839e-01   9.998e-01   1.20161e-08  1.24197e-08      -7.63155e+02   7.62359e+02  -7.96088e-01       1237
22.287363   5.04786e-01  5.04840e-01   9.998e-01   1.19579e-08  1.23547e-08      -7.63025e+02   7.62287e+02  -7.38138e-01       1243
22.408595   5.04784e-01  5.04841e-01   9.998e-01   1.19004e-08  1.22909e-08      -7.62899e+02   7.62212e+02  -6.86735e-01       1249
22.529904   5.04783e-01  5.04842e-01   9.998e-01   1.18437e-08  1.22285e-08      -7.62778e+02   7.62136e+02  -6.41175e-01       1255
22.651261   5.04781e-01  5.04843e-01   9.998e-01   1.17877e-08  1.21676e-08      -7.62661e+02   7.62059e+02  -6.01675e-01       1261
22.772656   5.04780e-01  5.04844e-01   9.998e-01   1.17325e-08  1.21077e-08      -7.62549e+02   7.61980e+02  -5.69315e-01       1267
22.893996   5.04778e-01  5.04845e-01   9.998e-01   1.16779e-08  1.20486e-08      -7.62443e+02   7.61900e+02  -5.42923e-01       1273
23.015446   5.04777e-01  5.04846e-01   9.998e-01   1.16239e-08  1.19908e-08      -7.62340e+02   7.61818e+02  -5.22195e-01       1279
23.137009   5.04775e-01  5.04847e-01   9.998e-01   1.15706e-08  1.19342e-08      -7.62242e+02   7.61736e+02  -5.06702e-01       1285
23.258630   5.04774e-01  5.04848e-01   9.998e-01   1.15179e-08  1.18784e-08      -7.62149e+02   7.61652e+02  -4.96173e-01       1291
23.380281   5.04773e-01  5.04849e-01   9.998e-01   1.14658e-08  1.18234e-08      -7.62059e+02   7.61569e+02  -4.90493e-01       1297
23.501907   5.04771e-01  5.04850e-01   9.998e-01   1.14144e-08  1.17689e-08      -7.61974e+02   7.61484e+02  -4.90378e-01       1303
23.623638   5.04770e-01  5.04851e-01   9.998e-01   1.13635e-08  1.17154e-08      -7.61893e+02   7.61399e+02  -4.94251e-01       1309
23.745541   5.04769e-01  5.04852e-01   9.998e-01   1.13133e-08  1.16629e-08      -7.61816e+02   7.61314e+02  -5.01690e-01       1315
23.867548   5.04768e-01  5.04853e-01   9.998e-01   1.12636e-08  1.16111e-08      -7.61742e+02   7.61229e+02  -5.12491e-01       1321
23.989628   5.04766e-01  5.04854e-01   9.998e-01   1.12143e-08  1.15599e-08      -7.61671e+02   7.61145e+02  -5.26237e-01       1327
24.111698   5.04765e-01  5.04855e-01   9.998e-01   1.11656e-08  1.15090e-08      -7.61603e+02   7.61061e+02  -5.42107e-01       1333
24.233835   5.04764e-01  5.04856e-01   9.998e-01   1.11174e-08  1.14587e-08      -7.61537e+02   7.60977e+02  -5.60463e-01       1339
24.356106   5.04762e-01  5.04857e-01   9.998e-01   1.10697e-08  1.14091e-08      -7.61475e+02   7.60894e+02  -5.80569e-01       1345
24.478484   5.04761e-01  5.04858e-01   9.998e-01   1.10227e-08  1.13603e-08      -7.61414e+02   7.60813e+02  -6.01644e-01       1351
24.600896   5.04760e-01  5.04858e-01   9.998e-01   1.09761e-08  1.13118e-08      -7.61356e+02   7.60732e+02  -6.23850e-01       1357
24.723286   5.04759e-01  5.04859e-01   9.998e-01   1.09299e-08  1.12634e-08      -7.61299e+02   7.60653e+02  -6.45592e-01       1363
24.845670   5.04757e-01  5.04860e-01   9.998e-01   1.08844e-08  1.12153e-08      -7.61243e+02   7.60576e+02  -6.67063e-01       1369
24.968079   5.04756e-01  5.04861e-01   9.998e-01   1.08393e-08  1.11674e-08      -7.61189e+02   7.60501e+02  -6.88120e-01       1375
25.090495   5.04755e-01  5.04862e-01   9.998e-01   1.07947e-08  1.11196e-08      -7.61135e+02   7.60427e+02  -7.08467e-01       1381
25.213036   5.04753e-01  5.04862e-01   9.998e-01   1.07506e-08  1.10726e-08      -7.61082e+02   7.60356e+02  -7.26767e-01       1387
25.335659   5.04752e-01  5.04863e-01   9.998e-01   1.07070e-08  1.10263e-08      -7.61030e+02   7.60286e+02  -7.43480e-01       1393
25.458333   5.04751e-01  5.04864e-01   9.998e-01   1.06640e-08  1.09806e-08      -7.60978e+02   7.60219e+02  -7.58197e-01       1399
25.581031   5.04749e-01  5.04864e-01   9.998e-01   1.06214e-08  1.09357e-08      -7.60925e+02   7.60155e+02  -7.70647e-01       1405
25.703823   5.04748e-01  5.04865e-01   9.998e-01   1.05793e-08  1.08924e-08      -7.60873e+02   7.60092e+02  -7.80354e-01       1411
25.826630   5.04747e-01  5.04866e-01   9.998e-01   1.05377e-08  1.08509e-08      -7.60820e+02   7.60032e+02  -7.87813e-01       1417
25.949329   5.04745e-01  5.04866e-01   9.998e-01   1.04968e-08  1.08113e-08      -7.60767e+02   7.59975e+02  -7.91843e-01       1423
26.071491   5.04744e-01  5.04867e-01   9.998e-01   1.04566e-08  1.07714e-08      -7.60713e+02   7.59919e+02  -7.93978e-01       1429
26.192776   5.04743e-01  5.04868e-01   9.998e-01   1.04171e-08  1.07285e-08      -7.60659e+02   7.59866e+02  -7.93021e-01       1435
26.312853   5.04742e-01  5.04868e-01   9.998e-01   1.03785e-08  1.06801e-08      -7.60605e+02   7.59814e+02  -7.91390e-01       1441
26.431807   5.04741e-01  5.04869e-01   9.998e-01   1.03404e-08  1.06276e-08      -7.60553e+02   7.59763e+02  -7.89276e-01       1447
26.550275   5.04740e-01  5.04869e-01   9.998e-01   1.03028e-08  1.05759e-08      -7.60502e+02   7.59713e+02  -7.88546e-01       1453
26.668920   5.04738e-01  5.04870e-01   9.998e-01   1.02654e-08  1.05277e-08      -7.60453e+02   7.59664e+02  -7.88668e-01       1459
26.788143   5.04737e-01  5.04870e-01   9.998e-01   1.02282e-08  1.04836e-08      -7.60404e+02   7.59615e+02  -7.89486e-01       1465
26.907759   5.04736e-01  5.04871e-01   9.998e-01   1.01911e-08  1.04417e-08      -7.60357e+02   7.59567e+02  -7.90288e-01       1471
27.027376   5.04735e-01  5.04871e-01   9.998e-01   1.01543e-08  1.04002e-08      -7.60310e+02   7.59519e+02  -7.91046e-01       1477
27.146910   5.04734e-01  5.04872e-01   9.998e-01   1.01178e-08  1.03586e-08      -7.60264e+02   7.59472e+02  -7.92627e-01       1483
27.266629   5.04733e-01  5.04872e-01   9.998e-01   1.00816e-08  1.03180e-08      -7.60219e+02   7.59425e+02  -7.93759e-01       1489
27.386736   5.04732e-01  5.04872e-01   9.998e-01   1.00456e-08  1.02787e-08      -7.60174e+02   7.59379e+02  -7.95364e-01       1495
27.507186   5.04731e-01  5.04873e-01   9.998e-01   1.00098e-08  1.02407e-08      -7.60130e+02   7.59333e+02  -7.97056e-01       1501
27.627795   5.04730e-01  5.04873e-01   9.998e-01   9.97424e-09  1.02032e-08      -7.60087e+02   7.59288e+02  -7.98534e-01       1507
27.748366   5.04729e-01  5.04874e-01   9.998e-01   9.93910e-09  1.01657e-08      -7.60043e+02   7.59243e+02  -8.00000e-01       1513
27.868837   5.04728e-01  5.04874e-01   9.998e-01   9.90424e-09  1.01279e-08      -7.60001e+02   7.59199e+02  -8.01846e-01       1519
27.989372   5.04727e-01  5.04875e-01   9.998e-01   9.86970e-09  1.00904e-08      -7.59959e+02   7.59156e+02  -8.02905e-01       1525
28.110072   5.04726e-01  5.04875e-01   9.998e-01   9.83543e-09  1.00534e-08      -7.59917e+02   7.59113e+02  -8.04081e-01       1531
28.230875   5.04725e-01  5.04875e-01   9.998e-01   9.80147e-09  1.00169e-08      -7.59875e+02   7.59070e+02  -8.04657e-01       1537
28.351568   5.04724e-01  5.04876e-01   9.998e-01   9.76787e-09  9.98003e-09      -7.59834e+02   7.59029e+02  -8.05525e-01       1543
28.472125   5.04723e-01  5.04876e-01   9.998e-01   9.73457e-09  9.94258e-09      -7.59793e+02   7.58988e+02  -8.05427e-01       1549
28.592590   5.04722e-01  5.04876e-01   9.998e-01   9.70165e-09  9.90479e-09      -7.59752e+02   7.58948e+02  -8.04234e-01       1555
28.713162   5.04721e-01  5.04877e-01   9.998e-01   9.66892e-09  9.86740e-09      -7.59711e+02   7.58909e+02  -8.02250e-01       1561
28.833856   5.04720e-01  5.04877e-01   9.998e-01   9.63652e-09  9.83044e-09      -7.59671e+02   7.58871e+02  -7.99777e-01       1567
28.954632   5.04720e-01  5.04877e-01   9.998e-01   9.60442e-09  9.79383e-09      -7.59630e+02   7.58833e+02  -7.96376e-01       1573
29.075402   5.04719e-01  5.04877e-01   9.998e-01   9.57260e-09  9.75717e-09      -7.59589e+02   7.58797e+02  -7.92265e-01       1579
29.196247   5.04718e-01  5.04878e-01   9.998e-01   9.54108e-09  9.72087e-09      -7.59549e+02   7.58761e+02  -7.87995e-01       1585
29.317142   5.04717e-01  5.04878e-01   9.998e-01   9.50980e-09  9.68476e-09      -7.59508e+02   7.58726e+02  -7.82799e-01       1591
29.438197   5.04716e-01  5.04878e-01   9.998e-01   9.47873e-09  9.64928e-09      -7.59468e+02   7.58691e+02  -7.76992e-01       1597
29.559459   5.04716e-01  5.04878e-01   9.998e-01   9.44793e-09  9.61461e-09      -7.59428e+02   7.58657e+02  -7.70473e-01       1603
29.680835   5.04715e-01  5.04879e-01   9.998e-01   9.41734e-09  9.58040e-09      -7.59387e+02   7.58624e+02  -7.63591e-01       1609
29.802203   5.04714e-01  5.04879e-01   9.998e-01   9.38713e-09  9.54626e-09      -7.59348e+02   7.58591e+02  -7.56463e-01       1615
29.923664   5.04713e-01  5.04879e-01   9.998e-01   9.35705e-09  9.51264e-09      -7.59308e+02   7.58559e+02  -7.49015e-01       1621
30.045285   5.04713e-01  5.04879e-01   9.998e-01   9.32719e-09  9.47977e-09      -7.59268e+02   7.58527e+02  -7.41313e-01       1627
30.166996   5.04712e-01  5.04879e-01   9.998e-01   9.29767e-09  9.44749e-09      -7.59229e+02   7.58496e+02  -7.33372e-01       1633
30.288721   5.04711e-01  5.04879e-01   9.998e-01   9.26831e-09  9.41546e-09      -7.59190e+02   7.58465e+02  -7.24574e-01       1639
30.410454   5.04711e-01  5.04879e-01   9.998e-01   9.23924e-09  9.38368e-09      -7.59151e+02   7.58435e+02  -7.16429e-01       1645
30.532233   5.04710e-01  5.04880e-01   9.998e-01   9.21041e-09  9.35241e-09      -7.59113e+02   7.58405e+02  -7.07994e-01       1651
30.653991   5.04709e-01  5.04880e-01   9.998e-01   9.18183e-09  9.32130e-09      -7.59075e+02   7.58375e+02  -6.99549e-01       1657
30.775711   5.04709e-01  5.04880e-01   9.998e-01   9.15345e-09  9.29020e-09      -7.59037e+02   7.58346e+02  -6.91134e-01       1663
30.897427   5.04708e-01  5.04880e-01   9.998e-01   9.12528e-09  9.25927e-09      -7.59000e+02   7.58317e+02  -6.82082e-01       1669
31.019213   5.04707e-01  5.04880e-01   9.998e-01   9.09731e-09  9.22881e-09      -7.58962e+02   7.58289e+02  -6.73205e-01       1675
31.141065   5.04707e-01  5.04880e-01   9.998e-01   9.06951e-09  9.19874e-09      -7.58925e+02   7.58261e+02  -6.63954e-01       1681
31.262979   5.04706e-01  5.04880e-01   9.998e-01   9.04195e-09  9.16904e-09      -7.58888e+02   7.58234e+02  -6.54499e-01       1687
31.384979   5.04706e-01  5.04880e-01   9.998e-01   9.01454e-09  9.13983e-09      -7.58852e+02   7.58207e+02  -6.45753e-01       1693
31.507142   5.04705e-01  5.04880e-01   9.998e-01   8.98732e-09  9.11139e-09      -7.58816e+02   7.58179e+02  -6.36499e-01       1699
31.629528   5.04705e-01  5.04880e-01   9.998e-01   8.96022e-09  9.08410e-09      -7.58780e+02   7.58152e+02  -6.28070e-01       1705
31.752163   5.04704e-01  5.04880e-01   9.998e-01   8.93323e-09  9.05831e-09      -7.58745e+02   7.58125e+02  -6.20091e-01       1711
31.875051   5.04704e-01  5.04880e-01   9.998e-01   8.90640e-09  9.03448e-09      -7.58710e+02   7.58097e+02  -6.12467e-01       1717
31.998163   5.04703e-01  5.04880e-01   9.998e-01   8.87975e-09  9.01310e-09      -7.58675e+02   7.58070e+02  -6.04670e-01       1723
32.121373   5.04703e-01  5.04880e-01   9.998e-01   8.85327e-09  8.99433e-09      -7.58640e+02   7.58043e+02  -5.96468e-01       1729
32.244481   5.04702e-01  5.04880e-01   9.998e-01   8.82705e-09  8.97770e-09      -7.58604e+02   7.58017e+02  -5.87780e-01       1735
32.367032   5.04702e-01  5.04880e-01   9.998e-01   8.80115e-09  8.95974e-09      -7.58568e+02   7.57991e+02  -5.77090e-01       1741
32.488491   5.04701e-01  5.04880e-01   9.998e-01   8.77570e-09  8.93441e-09      -7.58531e+02   7.57966e+02  -5.64817e-01       1747
32.608406   5.04701e-01  5.04880e-01   9.998e-01   8.75080e-09  8.89718e-09      -7.58494e+02   7.57942e+02  -5.52562e-01       1753
32.726974   5.04700e-01  5.04880e-01   9.998e-01   8.72626e-09  8.85284e-09      -7.58459e+02   7.57917e+02  -5.42562e-01       1759
32.845283   5.04700e-01  5.04880e-01   9.998e-01   8.70185e-09  8.81172e-09      -7.58426e+02   7.57891e+02  -5.35088e-01       1765
32.964411   5.04700e-01  5.04880e-01   9.998e-01   8.67751e-09  8.77800e-09      -7.58394e+02   7.57865e+02  -5.28354e-01       1771
33.084520   5.04699e-01  5.04880e-01   9.998e-01   8.65321e-09  8.74991e-09      -7.58361e+02   7.57839e+02  -5.22012e-01       1777
33.204847   5.04699e-01  5.04880e-01   9.998e-01   8.62916e-09  8.72331e-09      -7.58330e+02   7.57813e+02  -5.16465e-01       1783
33.324682   5.04699e-01  5.04880e-01   9.998e-01   8.60542e-09  8.69485e-09      -7.58299e+02   7.57787e+02  -5.11624e-01       1789
33.444253   5.04699e-01  5.04880e-01   9.998e-01   8.58186e-09  8.66574e-09      -7.58268e+02   7.57761e+02  -5.06873e-01       1795
33.564393   5.04698e-01  5.04880e-01   9.998e-01   8.55835e-09  8.63909e-09      -7.58238e+02   7.57735e+02  -5.02145e-01       1801
33.685676   5.04698e-01  5.04879e-01   9.998e-01   8.53482e-09  8.61697e-09      -7.58207e+02   7.57709e+02  -4.97651e-01       1807
33.807625   5.04698e-01  5.04879e-01   9.998e-01   8.51141e-09  8.59843e-09      -7.58177e+02   7.57683e+02  -4.93770e-01       1813
33.929225   5.04698e-01  5.04879e-01   9.998e-01   8.48837e-09  8.57936e-09      -7.58147e+02   7.57656e+02  -4.90540e-01       1819
34.050053   5.04697e-01  5.04879e-01   9.998e-01   8.46562e-09  8.55690e-09      -7.58117e+02   7.57630e+02  -4.87570e-01       1825
34.170636   5.04697e-01  5.04879e-01   9.998e-01   8.44312e-09  8.53343e-09      -7.58088e+02   7.57603e+02  -4.84552e-01       1831
34.291745   5.04697e-01  5.04878e-01   9.998e-01   8.42069e-09  8.51309e-09      -7.58058e+02   7.57577e+02  -4.81249e-01       1837
34.413389   5.04697e-01  5.04878e-01   9.998e-01   8.39854e-09  8.49658e-09      -7.58029e+02   7.57551e+02  -4.78156e-01       1843
34.534589   5.04697e-01  5.04878e-01   9.998e-01   8.37671e-09  8.47807e-09      -7.57999e+02   7.57524e+02  -4.75091e-01       1849
34.654511   5.04697e-01  5.04878e-01   9.998e-01   8.35531e-09  8.45161e-09      -7.57971e+02   7.57499e+02  -4.72206e-01       1855
34.773475   5.04697e-01  5.04878e-01   9.998e-01   8.33407e-09  8.42034e-09      -7.57943e+02   7.57473e+02  -4.69949e-01       1861
34.892757   5.04697e-01  5.04877e-01   9.998e-01   8.31286e-09  8.39217e-09      -7.57916e+02   7.57448e+02  -4.68611e-01       1867
35.013162   5.04697e-01  5.04877e-01   9.998e-01   8.29164e-09  8.36973e-09      -7.57890e+02   7.57422e+02  -4.67983e-01       1873
35.134290   5.04697e-01  5.04877e-01   9.998e-01   8.27058e-09  8.35063e-09      -7.57863e+02   7.57396e+02  -4.66880e-01       1879
35.254982   5.04697e-01  5.04876e-01   9.998e-01   8.24979e-09  8.32966e-09      -7.57836e+02   7.57370e+02  -4.65433e-01       1885
35.374792   5.04697e-01  5.04876e-01   9.998e-01   8.22915e-09  8.30497e-09      -7.57809e+02   7.57345e+02  -4.63675e-01       1891
35.494643   5.04697e-01  5.04876e-01   9.998e-01   8.20851e-09  8.28084e-09      -7.57783e+02   7.57319e+02  -4.63213e-01       1897
35.615739   5.04697e-01  5.04875e-01   9.998e-01   8.18781e-09  8.26126e-09      -7.57756e+02   7.57294e+02  -4.62501e-01       1903
35.738127   5.04697e-01  5.04875e-01   9.998e-01   8.16710e-09  8.24646e-09      -7.57729e+02   7.57268e+02  -4.61271e-01       1909
35.860685   5.04697e-01  5.04875e-01   9.998e-01   8.14666e-09  8.23317e-09      -7.57702e+02   7.57242e+02  -4.59626e-01       1915
35.982403   5.04697e-01  5.04874e-01   9.998e-01   8.12643e-09  8.21643e-09      -7.57674e+02   7.57217e+02  -4.57534e-01       1921
36.103546   5.04697e-01  5.04874e-01   9.998e-01   8.10628e-09  8.19695e-09      -7.57647e+02   7.57191e+02  -4.56089e-01       1927
36.225276   5.04697e-01  5.04873e-01   9.998e-01   8.08606e-09  8.18024e-09      -7.57620e+02   7.57165e+02  -4.55086e-01       1933
36.348241   5.04697e-01  5.04873e-01   9.998e-01   8.06581e-09  8.17064e-09      -7.57593e+02   7.57139e+02  -4.53795e-01       1939
36.471639   5.04697e-01  5.04872e-01   9.998e-01   8.04574e-09  8.16630e-09      -7.57565e+02   7.57114e+02  -4.50950e-01       1945
36.593887   5.04697e-01  5.04872e-01   9.998e-01   8.02610e-09  8.15616e-09      -7.57537e+02   7.57089e+02  -4.47644e-01       1951
36.714188   5.04697e-01  5.04871e-01   9.998e-01   8.00684e-09  8.13103e-09      -7.57510e+02   7.57065e+02  -4.45258e-01       1957
36.833288   5.04698e-01  5.04871e-01   9.998e-01   7.98783e-09  8.09860e-09      -7.57484e+02   7.57039e+02  -4.44605e-01       1963
36.952906   5.04698e-01  5.04870e-01   9.998e-01   7.96884e-09  8.07145e-09      -7.57458e+02   7.57014e+02  -4.43365e-01       1969
37.073863   5.04698e-01  5.04870e-01   9.998e-01   7.94980e-09  8.05238e-09      -7.57431e+02   7.56990e+02  -4.41092e-01       1975
37.195209   5.04698e-01  5.04869e-01   9.998e-01   7.93100e-09  8.03570e-09      -7.57403e+02   7.56965e+02  -4.37667e-01       1981
37.315543   5.04698e-01  5.04869e-01   9.998e-01   7.91258e-09  8.01374e-09      -7.57376e+02   7.56942e+02  -4.33632e-01       1987
37.434799   5.04698e-01  5.04868e-01   9.998e-01   7.89441e-09  7.98700e-09      -7.57348e+02   7.56919e+02  -4.29327e-01       1993
37.554586   5.04698e-01  5.04868e-01   9.998e-01   7.87616e-09  7.96340e-09      -7.57320e+02   7.56896e+02  -4.24101e-01       1999
37.676392   5.04699e-01  5.04867e-01   9.998e-01   7.85766e-09  7.94759e-09      -7.57291e+02   7.56872e+02  -4.18982e-01       2005
37.799876   5.04699e-01  5.04867e-01   9.998e-01   7.83917e-09  7.93973e-09      -7.57263e+02   7.56848e+02  -4.14632e-01       2011
37.923152   5.04699e-01  5.04866e-01   9.998e-01   7.82104e-09  7.93345e-09      -7.57235e+02   7.56824e+02  -4.10906e-01       2017
38.045019   5.04699e-01  5.04866e-01   9.998e-01   7.80328e-09  7.92005e-09      -7.57207e+02   7.56800e+02  -4.07043e-01       2023
38.166440   5.04699e-01  5.04865e-01   9.998e-01   7.78552e-09  7.90385e-09      -7.57178e+02   7.56776e+02  -4.01963e-01       2029
38.289429   5.04700e-01  5.04865e-01   9.998e-01   7.76762e-09  7.89975e-09      -7.57149e+02   7.56753e+02  -3.96223e-01       2035
38.414551   5.04700e-01  5.04864e-01   9.998e-01   7.74982e-09  7.92269e-09      -7.57119e+02   7.56729e+02  -3.90292e-01       2041
38.539386   5.04700e-01  5.04864e-01   9.998e-01   7.73283e-09  7.96334e-09      -7.57089e+02   7.56707e+02  -3.82038e-01       2047
38.660303   5.04700e-01  5.04863e-01   9.998e-01   7.71691e-09  7.94832e-09      -7.57056e+02   7.56686e+02  -3.69571e-01       2053
38.776250   5.04700e-01  5.04863e-01   9.998e-01   7.70118e-09  7.86266e-09      -7.57026e+02   7.56667e+02  -3.58186e-01       2059
38.890538   5.04700e-01  5.04862e-01   9.998e-01   7.68494e-09  7.79417e-09      -7.56998e+02   7.56647e+02  -3.50982e-01       2065
39.008068   5.04701e-01  5.04862e-01   9.998e-01   7.66811e-09  7.76305e-09      -7.56972e+02   7.56625e+02  -3.46640e-01       2071
39.130378   5.04701e-01  5.04861e-01   9.998e-01   7.65117e-09  7.75536e-09      -7.56945e+02   7.56601e+02  -3.43167e-01       2077
39.253629   5.04701e-01  5.04861e-01   9.998e-01   7.63491e-09  7.75539e-09      -7.56918e+02   7.56577e+02  -3.40347e-01       2083
39.373117   5.04701e-01  5.04860e-01   9.998e-01   7.61924e-09  7.73372e-09      -7.56892e+02   7.56553e+02  -3.39284e-01       2089
39.488976   5.04702e-01  5.04860e-01   9.998e-01   7.60333e-09  7.69688e-09      -7.56869e+02   7.56529e+02  -3.39897e-01       2095
39.606171   5.04702e-01  5.04859e-01   9.998e-01   7.58683e-09  7.67120e-09      -7.56845e+02   7.56504e+02  -3.40648e-01       2101
39.729030   5.04702e-01  5.04858e-01   9.998e-01   7.56976e-09  7.66119e-09      -7.56820e+02   7.56477e+02  -3.42952e-01       2107
39.855974   5.04702e-01  5.04858e-01   9.998e-01   7.55294e-09  7.67052e-09      -7.56796e+02   7.56449e+02  -3.47154e-01       2113
39.980687   5.04703e-01  5.04857e-01   9.998e-01   7.53711e-09  7.68105e-09      -7.56773e+02   7.56420e+02  -3.53638e-01       2119
40.099850   5.04703e-01  5.04857e-01   9.998e-01   7.52172e-09  7.65396e-09      -7.56752e+02   7.56390e+02  -3.61988e-01       2125
40.216857   5.04703e-01  5.04856e-01   9.998e-01   7.50590e-09  7.61730e-09      -7.56730e+02   7.56364e+02  -3.65527e-01       2131
40.338019   5.04704e-01  5.04856e-01   9.998e-01   7.48936e-09  7.60290e-09      -7.56705e+02   7.56337e+02  -3.67707e-01       2137
40.465415   5.04704e-01  5.04855e-01   9.998e-01   7.47236e-09  7.62932e-09      -7.56680e+02   7.56308e+02  -3.72001e-01       2143
40.593008   5.04704e-01  5.04854e-01   9.998e-01   7.45638e-09  7.70025e-09      -7.56655e+02   7.56277e+02  -3.77874e-01       2149
40.713222   5.04704e-01  5.04854e-01   9.998e-01   7.44215e-09  7.67820e-09      -7.56629e+02   7.56249e+02  -3.79472e-01       2155
40.826038   5.04705e-01  5.04853e-01   9.998e-01   7.42829e-09  7.57199e-09      -7.56604e+02   7.56227e+02  -3.76435e-01       2161
40.939058   5.04705e-01  5.04853e-01   9.998e-01   7.41376e-09  7.51670e-09      -7.56581e+02   7.56204e+02  -3.77113e-01       2167
41.059692   5.04705e-01  5.04852e-01   9.998e-01   7.39812e-09  7.50124e-09      -7.56557e+02   7.56178e+02  -3.79380e-01       2173
41.187103   5.04705e-01  5.04852e-01   9.998e-01   7.38206e-09  7.51830e-09      -7.56531e+02   7.56151e+02  -3.79888e-01       2179
41.311825   5.04706e-01  5.04851e-01   9.998e-01   7.36771e-09  7.53723e-09      -7.56501e+02   7.56127e+02  -3.74010e-01       2185
41.427846   5.04706e-01  5.04850e-01   9.998e-01   7.35465e-09  7.48485e-09      -7.56473e+02   7.56107e+02  -3.66101e-01       2191
41.539549   5.04706e-01  5.04850e-01   9.998e-01   7.34102e-09  7.43226e-09      -7.56449e+02   7.56086e+02  -3.63375e-01       2197
41.656708   5.04707e-01  5.04849e-01   9.998e-01   7.32630e-09  7.40891e-09      -7.56425e+02   7.56061e+02  -3.63195e-01       2203
41.784254   5.04707e-01  5.04849e-01   9.998e-01   7.31041e-09  7.40831e-09      -7.56398e+02   7.56034e+02  -3.63712e-01       2209
41.915211   5.04707e-01  5.04848e-01   9.998e-01   7.29534e-09  7.44756e-09      -7.56369e+02   7.56008e+02  -3.61379e-01       2215
42.038349   5.04708e-01  5.04847e-01   9.998e-01   7.28256e-09  7.45457e-09      -7.56340e+02   7.55985e+02  -3.55048e-01       2221
42.151976   5.04708e-01  5.04847e-01   9.998e-01   7.26974e-09  7.38340e-09      -7.56314e+02   7.55964e+02  -3.50105e-01       2227
42.265614   5.04708e-01  5.04846e-01   9.998e-01   7.25586e-09  7.34128e-09      -7.56288e+02   7.55943e+02  -3.45790e-01       2233
42.389410   5.04709e-01  5.04845e-01   9.998e-01   7.24070e-09  7.33220e-09      -7.56261e+02   7.55918e+02  -3.43071e-01       2239
42.523177   5.04709e-01  5.04845e-01   9.998e-01   7.22543e-09  7.39095e-09      -7.56231e+02   7.55893e+02  -3.38109e-01       2245
42.639895   5.04709e-01  5.04844e-01   9.998e-01   7.21219e-09  7.34006e-09      -7.56205e+02   7.55870e+02  -3.34105e-01       2257
42.756612   5.04710e-01  5.04844e-01   9.998e-01   7.19836e-09  7.30205e-09      -7.56178e+02   7.55848e+02  -3.29821e-01       2263
42.880395   5.04710e-01  5.04843e-01   9.998e-01   7.18399e-09  7.30213e-09      -7.56150e+02   7.55826e+02  -3.23910e-01       2269
43.007725   5.04710e-01  5.04842e-01   9.998e-01   7.17048e-09  7.34135e-09      -7.56118e+02   7.55805e+02  -3.13672e-01       2275
43.129563   5.04711e-01  5.04842e-01   9.998e-01   7.15846e-09  7.34105e-09      -7.56089e+02   7.55784e+02  -3.04127e-01       2281
43.243013   5.04711e-01  5.04841e-01   9.998e-01   7.14621e-09  7.26440e-09      -7.56063e+02   7.55764e+02  -2.99682e-01       2287
43.354974   5.04711e-01  5.04841e-01   9.998e-01   7.13289e-09  7.21737e-09      -7.56038e+02   7.55745e+02  -2.92986e-01       2293
43.474563   5.04712e-01  5.04840e-01   9.998e-01   7.11869e-09  7.20144e-09      -7.56011e+02   7.55723e+02  -2.88198e-01       2299
43.603453   5.04712e-01  5.04840e-01   9.998e-01   7.10437e-09  7.21332e-09      -7.55983e+02   7.55698e+02  -2.85081e-01       2305
43.731960   5.04712e-01  5.04839e-01   9.998e-01   7.09166e-09  7.25202e-09      -7.55957e+02   7.55673e+02  -2.84109e-01       2311
43.850967   5.04713e-01  5.04838e-01   9.998e-01   7.07999e-09  7.22302e-09      -7.55937e+02   7.55646e+02  -2.90480e-01       2317
43.962975   5.04713e-01  5.04838e-01   9.998e-01   7.06747e-09  7.16365e-09      -7.55912e+02   7.55626e+02  -2.86466e-01       2323
44.078985   5.04713e-01  5.04837e-01   9.998e-01   7.05389e-09  7.13770e-09      -7.55885e+02   7.55606e+02  -2.78836e-01       2329
44.206753   5.04714e-01  5.04836e-01   9.998e-01   7.03927e-09  7.14054e-09      -7.55858e+02   7.55582e+02  -2.75784e-01       2335
44.341365   5.04714e-01  5.04836e-01   9.998e-01   7.02515e-09  7.22222e-09      -7.55832e+02   7.55554e+02  -2.78091e-01       2341
44.468850   5.04715e-01  5.04835e-01   9.998e-01   7.01324e-09  7.32562e-09      -7.55811e+02   7.55522e+02  -2.88907e-01       2347
44.584047   5.04715e-01  5.04834e-01   9.998e-01   7.00187e-09  7.20532e-09      -7.55788e+02   7.55498e+02  -2.90272e-01       2353
44.695649   5.04715e-01  5.04834e-01   9.998e-01   6.98961e-09  7.10896e-09      -7.55759e+02   7.55481e+02  -2.78205e-01       2359
44.815490   5.04716e-01  5.04833e-01   9.998e-01   6.97620e-09  7.08995e-09      -7.55730e+02   7.55461e+02  -2.69018e-01       2365
44.945918   5.04716e-01  5.04833e-01   9.998e-01   6.96193e-09  7.15048e-09      -7.55699e+02   7.55438e+02  -2.60528e-01       2371
45.060788   5.04716e-01  5.04832e-01   9.998e-01   6.95001e-09  7.08392e-09      -7.55672e+02   7.55419e+02  -2.53026e-01       2383
45.175658   5.04717e-01  5.04832e-01   9.998e-01   6.93782e-09  7.04154e-09      -7.55646e+02   7.55398e+02  -2.48791e-01       2389
45.297068   5.04717e-01  5.04831e-01   9.998e-01   6.92491e-09  7.03188e-09      -7.55620e+02   7.55375e+02  -2.45241e-01       2395
45.422637   5.04717e-01  5.04830e-01   9.998e-01   6.91212e-09  7.04542e-09      -7.55593e+02   7.55352e+02  -2.40548e-01       2401
45.544911   5.04718e-01  5.04830e-01   9.998e-01   6.90073e-09  7.04582e-09      -7.55565e+02   7.55330e+02  -2.35238e-01       2407
45.660632   5.04718e-01  5.04829e-01   9.998e-01   6.88971e-09  7.00281e-09      -7.55541e+02   7.55309e+02  -2.32319e-01       2413
45.774655   5.04719e-01  5.04829e-01   9.998e-01   6.87803e-09  6.96661e-09      -7.55515e+02   7.55288e+02  -2.26630e-01       2419
45.894554   5.04719e-01  5.04828e-01   9.998e-01   6.86551e-09  6.95131e-09      -7.55488e+02   7.55266e+02  -2.22145e-01       2425
46.022376   5.04719e-01  5.04827e-01   9.998e-01   6.85245e-09  6.95950e-09      -7.55461e+02   7.55241e+02  -2.20019e-01       2431
46.151202   5.04720e-01  5.04827e-01   9.998e-01   6.84051e-09  6.99875e-09      -7.55435e+02   7.55215e+02  -2.20098e-01       2437
46.272734   5.04720e-01  5.04826e-01   9.998e-01   6.82993e-09  6.99340e-09      -7.55413e+02   7.55188e+02  -2.25287e-01       2443
46.387751   5.04721e-01  5.04825e-01   9.998e-01   6.81876e-09  6.93607e-09      -7.55388e+02   7.55165e+02  -2.23282e-01       2449
46.505099   5.04721e-01  5.04825e-01   9.998e-01   6.80670e-09  6.90640e-09      -7.55361e+02   7.55145e+02  -2.15913e-01       2455
46.631836   5.04722e-01  5.04824e-01   9.998e-01   6.79390e-09  6.92244e-09      -7.55332e+02   7.55121e+02  -2.11020e-01       2461
46.764733   5.04722e-01  5.04823e-01   9.998e-01   6.78200e-09  7.06184e-09      -7.55303e+02   7.55094e+02  -2.08920e-01       2467
46.877944   5.04722e-01  5.04823e-01   9.998e-01   6.77137e-09  6.93280e-09      -7.55278e+02   7.55072e+02  -2.05921e-01       2479
46.991155   5.04723e-01  5.04822e-01   9.998e-01   6.75986e-09  6.86734e-09      -7.55252e+02   7.55052e+02  -2.00559e-01       2485
47.113621   5.04723e-01  5.04822e-01   9.998e-01   6.74780e-09  6.86535e-09      -7.55226e+02   7.55029e+02  -1.97096e-01       2491
47.241888   5.04724e-01  5.04821e-01   9.998e-01   6.73667e-09  6.91954e-09      -7.55197e+02   7.55005e+02  -1.92829e-01       2497
47.364314   5.04724e-01  5.04821e-01   9.998e-01   6.72713e-09  6.93445e-09      -7.55170e+02   7.54983e+02  -1.87046e-01       2503
47.476444   5.04724e-01  5.04820e-01   9.998e-01   6.71722e-09  6.84051e-09      -7.55145e+02   7.54964e+02  -1.81182e-01       2509
47.586294   5.04725e-01  5.04820e-01   9.998e-01   6.70612e-09  6.78977e-09      -7.55121e+02   7.54945e+02  -1.76009e-01       2515
47.705092   5.04725e-01  5.04819e-01   9.998e-01   6.69411e-09  6.77537e-09      -7.55097e+02   7.54921e+02  -1.75807e-01       2521
47.835668   5.04726e-01  5.04818e-01   9.998e-01   6.68186e-09  6.79085e-09      -7.55073e+02   7.54894e+02  -1.79199e-01       2527
47.966732   5.04726e-01  5.04818e-01   9.998e-01   6.67151e-09  6.85441e-09      -7.55049e+02   7.54864e+02  -1.85196e-01       2533
48.086271   5.04727e-01  5.04817e-01   9.998e-01   6.66219e-09  6.83001e-09      -7.55030e+02   7.54836e+02  -1.93448e-01       2539
48.196638   5.04727e-01  5.04817e-01   9.998e-01   6.65191e-09  6.75437e-09      -7.55007e+02   7.54816e+02  -1.91232e-01       2545
48.311018   5.04727e-01  5.04816e-01   9.998e-01   6.64048e-09  6.72647e-09      -7.54982e+02   7.54795e+02  -1.87623e-01       2551
48.439210   5.04728e-01  5.04815e-01   9.998e-01   6.62794e-09  6.73140e-09      -7.54958e+02   7.54769e+02  -1.88914e-01       2557
48.576803   5.04729e-01  5.04814e-01   9.998e-01   6.61580e-09  6.85309e-09      -7.54933e+02   7.54740e+02  -1.93598e-01       2563
48.691017   5.04729e-01  5.04814e-01   9.998e-01   6.60555e-09  6.76053e-09      -7.54914e+02   7.54712e+02  -2.01680e-01       2575
48.805231   5.04729e-01  5.04813e-01   9.998e-01   6.59455e-09  6.70763e-09      -7.54891e+02   7.54689e+02  -2.01345e-01       2581
48.931179   5.04730e-01  5.04813e-01   9.998e-01   6.58243e-09  6.72326e-09      -7.54865e+02   7.54665e+02  -2.00556e-01       2587
49.064596   5.04730e-01  5.04812e-01   9.998e-01   6.57073e-09  6.88328e-09      -7.54835e+02   7.54642e+02  -1.93403e-01       2593
49.173593   5.04731e-01  5.04811e-01   9.998e-01   6.56152e-09  6.70465e-09      -7.54813e+02   7.54620e+02  -1.92518e-01       2605
49.282590   5.04731e-01  5.04811e-01   9.998e-01   6.55146e-09  6.64306e-09      -7.54791e+02   7.54599e+02  -1.91273e-01       2611
49.404937   5.04731e-01  5.04810e-01   9.998e-01   6.54001e-09  6.63582e-09      -7.54766e+02   7.54575e+02  -1.90717e-01       2617
49.538218   5.04732e-01  5.04810e-01   9.998e-01   6.52831e-09  6.68914e-09      -7.54738e+02   7.54551e+02  -1.87036e-01       2623
49.650438   5.04732e-01  5.04809e-01   9.998e-01   6.51889e-09  6.62631e-09      -7.54717e+02   7.54528e+02  -1.89381e-01       2635
49.762657   5.04733e-01  5.04809e-01   9.998e-01   6.50874e-09  6.59306e-09      -7.54693e+02   7.54507e+02  -1.85652e-01       2641
49.886043   5.04733e-01  5.04808e-01   9.998e-01   6.49745e-09  6.58612e-09      -7.54667e+02   7.54484e+02  -1.82649e-01       2647
50.018545   5.04734e-01  5.04807e-01   9.998e-01   6.48616e-09  6.61984e-09      -7.54639e+02   7.54458e+02  -1.80759e-01       2653
50.146569   5.04734e-01  5.04807e-01   9.998e-01   6.47722e-09  6.67940e-09      -7.54614e+02   7.54433e+02  -1.81183e-01       2659
50.262181   5.04735e-01  5.04806e-01   9.998e-01   6.46879e-09  6.61354e-09      -7.54592e+02   7.54408e+02  -1.83671e-01       2665
50.372652   5.04735e-01  5.04805e-01   9.998e-01   6.45906e-09  6.55084e-09      -7.54564e+02   7.54391e+02  -1.72962e-01       2671
50.491488   5.04736e-01  5.04805e-01   9.998e-01   6.44827e-09  6.53347e-09      -7.54535e+02   7.54371e+02  -1.63707e-01       2677
50.624442   5.04736e-01  5.04804e-01   9.998e-01   6.43661e-09  6.56872e-09      -7.54506e+02   7.54346e+02  -1.59920e-01       2683
50.761242   5.04737e-01  5.04803e-01   9.998e-01   6.42703e-09  6.81056e-09      -7.54478e+02   7.54319e+02  -1.59222e-01       2689
50.871012   5.04737e-01  5.04803e-01   9.998e-01   6.41830e-09  6.58293e-09      -7.54457e+02   7.54294e+02  -1.62712e-01       2701
50.980781   5.04737e-01  5.04802e-01   9.998e-01   6.40828e-09  6.50251e-09      -7.54431e+02   7.54275e+02  -1.56247e-01       2707
51.105673   5.04738e-01  5.04802e-01   9.998e-01   6.39726e-09  6.50812e-09      -7.54403e+02   7.54252e+02  -1.51704e-01       2713
51.241606   5.04738e-01  5.04801e-01   9.998e-01   6.38757e-09  6.67011e-09      -7.54371e+02   7.54228e+02  -1.43280e-01       2719
51.349367   5.04739e-01  5.04800e-01   9.998e-01   6.37887e-09  6.49784e-09      -7.54348e+02   7.54208e+02  -1.40747e-01       2731
51.457128   5.04739e-01  5.04800e-01   9.998e-01   6.36897e-09  6.44521e-09      -7.54326e+02   7.54187e+02  -1.38521e-01       2737
51.580167   5.04740e-01  5.04799e-01   9.998e-01   6.35809e-09  6.43949e-09      -7.54302e+02   7.54163e+02  -1.38639e-01       2743
51.715977   5.04740e-01  5.04799e-01   9.998e-01   6.34789e-09  6.49781e-09      -7.54274e+02   7.54136e+02  -1.38551e-01       2749
51.827735   5.04740e-01  5.04798e-01   9.998e-01   6.33896e-09  6.43625e-09      -7.54255e+02   7.54110e+02  -1.45087e-01       2761
51.939494   5.04741e-01  5.04798e-01   9.998e-01   6.32909e-09  6.40562e-09      -7.54233e+02   7.54088e+02  -1.45121e-01       2767
52.063793   5.04741e-01  5.04797e-01   9.998e-01   6.31833e-09  6.40110e-09      -7.54209e+02   7.54063e+02  -1.46639e-01       2773
52.198252   5.04742e-01  5.04796e-01   9.998e-01   6.30801e-09  6.44493e-09      -7.54185e+02   7.54034e+02  -1.50336e-01       2779
52.313432   5.04742e-01  5.04796e-01   9.998e-01   6.29894e-09  6.40355e-09      -7.54167e+02   7.54006e+02  -1.61437e-01       2791
52.428611   5.04743e-01  5.04795e-01   9.998e-01   6.28911e-09  6.37562e-09      -7.54146e+02   7.53983e+02  -1.63023e-01       2797
52.554220   5.04743e-01  5.04795e-01   9.998e-01   6.27846e-09  6.37781e-09      -7.54121e+02   7.53957e+02  -1.64143e-01       2803
52.688136   5.04744e-01  5.04794e-01   9.998e-01   6.26795e-09  6.45553e-09      -7.54097e+02   7.53929e+02  -1.68131e-01       2809
52.817724   5.04744e-01  5.04793e-01   9.998e-01   6.25916e-09  6.61126e-09      -7.54076e+02   7.53898e+02  -1.78278e-01       2815
52.935108   5.04745e-01  5.04793e-01   9.998e-01   6.25111e-09  6.51725e-09      -7.54056e+02   7.53870e+02  -1.85323e-01       2821
53.046259   5.04745e-01  5.04792e-01   9.998e-01   6.24239e-09  6.38087e-09      -7.54030e+02   7.53852e+02  -1.77565e-01       2827
53.162612   5.04745e-01  5.04792e-01   9.998e-01   6.23285e-09  6.34333e-09      -7.54003e+02   7.53833e+02  -1.70654e-01       2833
53.288968   5.04746e-01  5.04791e-01   9.998e-01   6.22265e-09  6.36863e-09      -7.53976e+02   7.53810e+02  -1.65766e-01       2839
53.417332   5.04746e-01  5.04790e-01   9.998e-01   6.21363e-09  6.45514e-09      -7.53945e+02   7.53789e+02  -1.56625e-01       2845
53.535920   5.04746e-01  5.04790e-01   9.998e-01   6.20627e-09  6.41387e-09      -7.53916e+02   7.53771e+02  -1.44381e-01       2851
53.644993   5.04747e-01  5.04789e-01   9.998e-01   6.19848e-09  6.30368e-09      -7.53891e+02   7.53754e+02  -1.36604e-01       2857
53.755811   5.04747e-01  5.04789e-01   9.998e-01   6.18962e-09  6.26583e-09      -7.53867e+02   7.53735e+02  -1.32426e-01       2863
53.878589   5.04748e-01  5.04788e-01   9.998e-01   6.17965e-09  6.25940e-09      -7.53842e+02   7.53710e+02  -1.32190e-01       2869
54.011442   5.04748e-01  5.04788e-01   9.998e-01   6.16969e-09  6.29566e-09      -7.53816e+02   7.53684e+02  -1.32663e-01       2875
54.126264   5.04748e-01  5.04787e-01   9.998e-01   6.16139e-09  6.25612e-09      -7.53796e+02   7.53659e+02  -1.37189e-01       2887
54.241087   5.04749e-01  5.04787e-01   9.998e-01   6.15238e-09  6.22941e-09      -7.53772e+02   7.53637e+02  -1.35684e-01       2893
54.365319   5.04749e-01  5.04786e-01   9.998e-01   6.14258e-09  6.22636e-09      -7.53747e+02   7.53613e+02  -1.34467e-01       2899
54.497005   5.04750e-01  5.04786e-01   9.998e-01   6.13305e-09  6.26699e-09      -7.53721e+02   7.53586e+02  -1.35370e-01       2905
54.625113   5.04750e-01  5.04785e-01   9.998e-01   6.12524e-09  6.33827e-09      -7.53698e+02   7.53559e+02  -1.39008e-01       2911
54.742943   5.04751e-01  5.04784e-01   9.998e-01   6.11777e-09  6.28637e-09      -7.53677e+02   7.53534e+02  -1.43064e-01       2917
54.856355   5.04751e-01  5.04784e-01   9.998e-01   6.10921e-09  6.21533e-09      -7.53650e+02   7.53514e+02  -1.36340e-01       2923
54.976280   5.04752e-01  5.04783e-01   9.998e-01   6.09980e-09  6.19946e-09      -7.53623e+02   7.53494e+02  -1.28891e-01       2929
55.106494   5.04752e-01  5.04783e-01   9.998e-01   6.09034e-09  6.26066e-09      -7.53594e+02   7.53471e+02  -1.23215e-01       2935
55.237395   5.04753e-01  5.04782e-01   9.998e-01   6.08285e-09  6.45651e-09      -7.53561e+02   7.53450e+02  -1.11050e-01       2941
