0.028655   1.27933e-01  1.27933e-01   1.000e+00   4.41361e-08  1.82251e-01       1.25494e+03  1.35423e+03  2.60917e+03         7
0.064982   1.28413e-01  1.28414e-01   1.000e+00   4.39013e-08  1.16891e-01       2.81522e+03  3.03810e+03  5.85333e+03        13
0.104829   1.29356e-01  1.29356e-01   1.000e+00   4.37154e-08  7.53940e-02       4.45792e+03  4.81223e+03  9.27015e+03        19
0.148498   1.30862e-01  1.30863e-01   1.000e+00   4.37436e-08  5.17573e-02       6.15211e+03  6.64412e+03  1.27962e+04        25
0.190987   1.32773e-01  1.32774e-01   1.000e+00   4.40325e-08  4.15560e-02       7.68297e+03  8.30187e+03  1.59848e+04        31
0.235414   1.35206e-01  1.35206e-01   1.000e+00   4.47651e-08  3.85492e-02       9.15734e+03  9.90131e+03  1.90587e+04        37
0.282305   1.38215e-01  1.38216e-01   1.000e+00   4.59313e-08  4.00732e-02       1.05776e+04  1.14453e+04  2.20229e+04        43
0.335279   1.42111e-01  1.42111e-01   1.000e+00   4.77876e-08  4.47731e-02       1.20247e+04  1.30228e+04  2.50475e+04        55
0.388252   1.46481e-01  1.46481e-01   1.000e+00   5.00144e-08  5.09109e-02       1.33191e+04  1.44382e+04  2.77573e+04        61
0.439241   1.51088e-01  1.51087e-01   1.000e+00   5.25536e-08  5.72864e-02       1.44347e+04  1.56622e+04  3.00969e+04        67
0.498839   1.56918e-01  1.56916e-01   1.000e+00   5.59725e-08  6.47220e-02       1.55936e+04  1.69388e+04  3.25323e+04        73
0.557431   1.63065e-01  1.63062e-01   1.000e+00   5.96637e-08  7.16795e-02       1.65967e+04  1.80490e+04  3.46457e+04        85
0.616023   1.69576e-01  1.69571e-01   1.000e+00   6.37880e-08  7.81100e-02       1.74793e+04  1.90308e+04  3.65101e+04        91
0.679243   1.76958e-01  1.76952e-01   1.000e+00   6.85963e-08  8.43587e-02       1.83103e+04  1.99606e+04  3.82709e+04        97
0.744658   1.84938e-01  1.84929e-01   1.000e+00   7.37239e-08  9.00212e-02       1.90504e+04  2.07946e+04  3.98450e+04       103
0.806168   1.92714e-01  1.92703e-01   1.000e+00   7.86263e-08  9.45858e-02       1.96455e+04  2.14705e+04  4.11160e+04       109
0.847990   1.98132e-01  1.98119e-01   1.000e+00   8.18873e-08  9.72701e-02       1.99984e+04  2.18745e+04  4.18729e+04       127
0.889605   2.03616e-01  2.03601e-01   1.000e+00   8.44275e-08  9.96088e-02       2.03106e+04  2.22344e+04  4.25450e+04       133
0.928182   2.08773e-01  2.08757e-01   1.000e+00   8.67006e-08  1.01486e-01       2.05669e+04  2.25323e+04  4.30992e+04       139
0.963906   2.13605e-01  2.13588e-01   1.000e+00   8.79547e-08  1.02980e-01       2.07771e+04  2.27788e+04  4.35559e+04       145
1.016266   2.20773e-01  2.20753e-01   1.000e+00   1.04812e-07  1.04755e-01       2.10402e+04  2.30913e+04  4.41315e+04         7
1.093667   2.31520e-01  2.31496e-01   1.000e+00   1.14248e-07  1.06515e-01       2.13368e+04  2.34529e+04  4.47897e+04        13
1.176415   2.43155e-01  2.43126e-01   1.000e+00   1.21223e-07  1.07325e-01       2.15407e+04  2.37159e+04  4.52566e+04        25
1.259164   2.54881e-01  2.54848e-01   1.000e+00   1.25466e-07  1.07116e-01       2.16365e+04  2.38609e+04  4.54974e+04        31
1.335546   2.65738e-01  2.65700e-01   1.000e+00   1.27751e-07  1.06105e-01       2.16367e+04  2.38977e+04  4.55344e+04        37
1.411989   2.76592e-01  2.76550e-01   1.000e+00   1.27417e-07  1.04388e-01       2.15582e+04  2.38481e+04  4.54063e+04        43
1.492221   2.87930e-01  2.87884e-01   1.000e+00   1.25440e-07  1.01916e-01       2.13981e+04  2.37099e+04  4.51079e+04        49
1.569823   2.98807e-01  2.98758e-01   1.000e+00   1.22169e-07  9.89586e-02       2.11731e+04  2.34987e+04  4.46718e+04        55
1.648089   3.09654e-01  3.09601e-01   1.000e+00   1.18201e-07  9.54970e-02       2.08822e+04  2.32148e+04  4.40970e+04        61
1.721201   3.19645e-01  3.19590e-01   1.000e+00   1.15262e-07  9.19011e-02       2.05573e+04  2.28905e+04  4.34478e+04        67
1.792137   3.29187e-01  3.29130e-01   1.000e+00   1.13686e-07  8.81400e-02       2.01972e+04  2.25259e+04  4.27231e+04        73
1.868458   3.39263e-01  3.39203e-01   1.000e+00   1.12842e-07  8.38585e-02       1.97649e+04  2.20835e+04  4.18483e+04        79
1.956632   3.50629e-01  3.50567e-01   1.000e+00   1.12598e-07  7.86915e-02       1.92133e+04  2.15140e+04  4.07274e+04        85
2.036961   3.60703e-01  3.60638e-01   1.000e+00   1.12369e-07  7.38536e-02       1.86677e+04  2.09473e+04  3.96149e+04        91
2.114600   3.70165e-01  3.70099e-01   9.999e-01   1.12673e-07  6.91203e-02       1.81062e+04  2.03607e+04  3.84669e+04        97
2.196684   3.79857e-01  3.79791e-01   9.999e-01   1.13057e-07  6.41129e-02       1.74807e+04  1.97046e+04  3.71854e+04       103
2.280055   3.89356e-01  3.89292e-01   9.999e-01   1.13494e-07  5.90787e-02       1.68169e+04  1.90062e+04  3.58230e+04       109
2.365603   3.98727e-01  3.98665e-01   9.999e-01   1.13694e-07  5.40188e-02       1.61107e+04  1.82614e+04  3.43721e+04       121
2.449404   4.07525e-01  4.07466e-01   9.999e-01   1.13924e-07  4.92098e-02       1.53993e+04  1.75095e+04  3.29088e+04       127
2.530673   4.15687e-01  4.15632e-01   9.999e-01   1.13676e-07  4.47198e-02       1.46950e+04  1.67640e+04  3.14590e+04       133
2.618150   4.24057e-01  4.24008e-01   9.999e-01   1.13622e-07  4.01085e-02       1.39255e+04  1.59487e+04  2.98742e+04       139
2.701562   4.31633e-01  4.31590e-01   9.999e-01   1.13230e-07  3.59488e-02       1.31847e+04  1.51634e+04  2.83481e+04       145
2.792408   4.39430e-01  4.39396e-01   9.999e-01   1.12610e-07  3.17014e-02       1.23745e+04  1.43042e+04  2.66787e+04       151
2.887458   4.47080e-01  4.47056e-01   9.999e-01   1.11257e-07  2.75879e-02       1.15277e+04  1.34064e+04  2.49341e+04       157
2.981006   4.54103e-01  4.54093e-01   9.999e-01   1.09748e-07  2.38781e-02       1.06999e+04  1.25288e+04  2.32287e+04       163
3.067389   4.60150e-01  4.60151e-01   9.999e-01   1.08192e-07  2.07507e-02       9.94358e+03  1.17280e+04  2.16715e+04       169
3.158875   4.66099e-01  4.66114e-01   9.999e-01   1.06611e-07  1.77482e-02       9.15482e+03  1.08936e+04  2.00484e+04       175
3.253888   4.71790e-01  4.71821e-01   9.999e-01   1.04829e-07  1.49582e-02       8.35231e+03  1.00460e+04  1.83983e+04       181
3.350262   4.77070e-01  4.77117e-01   9.999e-01   1.02872e-07  1.24564e-02       7.55893e+03  9.20950e+03  1.67684e+04       187
3.441448   4.81619e-01  4.81684e-01   9.999e-01   1.00876e-07  1.03775e-02       6.83011e+03  8.44281e+03  1.52729e+04       193
3.535716   4.85883e-01  4.85966e-01   9.999e-01   9.91808e-08  8.50482e-03       6.10149e+03  7.67831e+03  1.37798e+04       199
3.633278   4.89842e-01  4.89944e-01   9.999e-01   9.76386e-08  6.84065e-03       5.37621e+03  6.91966e+03  1.22959e+04       205
3.732453   4.93413e-01  4.93536e-01   9.999e-01   9.63569e-08  5.40991e-03       4.67107e+03  6.18472e+03  1.08558e+04       211
3.827749   4.96434e-01  4.96577e-01   9.999e-01   9.59322e-08  4.25909e-03       4.02559e+03  5.51485e+03  9.54043e+03       217
3.927305   4.99185e-01  4.99348e-01   9.999e-01   9.55174e-08  3.26576e-03       3.38629e+03  4.85454e+03  8.24083e+03       223
4.027415   5.01555e-01  5.01739e-01   9.999e-01   9.54021e-08  2.45650e-03       2.78061e+03  4.23243e+03  7.01304e+03       229
4.123457   5.03481e-01  5.03684e-01   9.999e-01   9.51547e-08  1.83544e-03       2.23533e+03  3.67579e+03  5.91112e+03       235
4.210191   5.04945e-01  5.05166e-01   9.999e-01   9.53252e-08  1.38744e-03       1.77332e+03  3.20727e+03  4.98059e+03       247
4.296925   5.06166e-01  5.06404e-01   9.999e-01   9.50865e-08  1.03142e-03       1.34036e+03  2.77125e+03  4.11160e+03       253
4.400159   5.07324e-01  5.07582e-01   9.999e-01   9.49139e-08  7.08899e-04       8.62839e+02  2.29440e+03  3.15724e+03       259
4.502973   5.08187e-01  5.08464e-01   9.999e-01   9.45472e-08  4.77633e-04       4.27777e+02  1.86467e+03  2.29245e+03       265
4.602677   5.08771e-01  5.09066e-01   9.999e-01   9.44911e-08  3.21817e-04       4.39959e+01  1.49007e+03  1.53407e+03       271
4.699039   5.09123e-01  5.09435e-01   9.999e-01   9.39354e-08  2.21456e-04      -2.91889e+02  1.16669e+03  8.74797e+02       277
4.793974   5.09286e-01  5.09614e-01   9.999e-01   9.33347e-08  1.59630e-04      -5.90051e+02  8.84024e+02  2.93974e+02       283
4.895020   5.09283e-01  5.09627e-01   9.999e-01   9.23404e-08  1.23852e-04      -8.72715e+02  6.21008e+02 -2.51707e+02       289
4.992501   5.09128e-01  5.09486e-01   9.999e-01   9.11389e-08  1.10170e-04      -1.11272e+03  4.02742e+02 -7.09978e+02       295
5.100636   5.08805e-01  5.09179e-01   9.999e-01   8.92030e-08  1.10629e-04      -1.34298e+03  1.99444e+02 -1.14354e+03       301
5.206366   5.08361e-01  5.08748e-01   9.999e-01   8.70100e-08  1.20269e-04      -1.53334e+03  3.79393e+01 -1.49540e+03       307
5.311961   5.07813e-01  5.08213e-01   9.999e-01   8.44129e-08  1.33831e-04      -1.69108e+03 -8.89213e+01 -1.78000e+03       313
5.419477   5.07170e-01  5.07582e-01   9.999e-01   8.17103e-08  1.47912e-04      -1.82055e+03 -1.85187e+02 -2.00574e+03       319
5.530525   5.06438e-01  5.06861e-01   9.999e-01   7.87023e-08  1.60050e-04      -1.92359e+03 -2.52548e+02 -2.17614e+03       325
5.636052   5.05697e-01  5.06130e-01   9.999e-01   7.56943e-08  1.67806e-04      -1.99479e+03 -2.88951e+02 -2.28374e+03       331
5.739118   5.04948e-01  5.05389e-01   9.999e-01   7.29256e-08  1.71204e-04      -2.04144e+03 -3.00987e+02 -2.34242e+03       337
5.838912   5.04211e-01  5.04659e-01   9.999e-01   6.99964e-08  1.70496e-04      -2.06692e+03 -2.92711e+02 -2.35963e+03       343
5.950512   5.03389e-01  5.03844e-01   9.999e-01   6.70918e-08  1.65390e-04      -2.07465e+03 -2.62813e+02 -2.33746e+03       349
6.068830   5.02533e-01  5.02994e-01   9.999e-01   6.42990e-08  1.55802e-04      -2.06160e+03 -2.10356e+02 -2.27195e+03       355
6.185514   5.01721e-01  5.02186e-01   9.999e-01   6.15069e-08  1.43204e-04      -2.03008e+03 -1.40842e+02 -2.17093e+03       361
6.294635   5.01001e-01  5.01469e-01   9.999e-01   5.92814e-08  1.29631e-04      -1.98623e+03 -6.25507e+01 -2.04878e+03       367
6.410357   5.00287e-01  5.00757e-01   9.999e-01   5.69342e-08  1.14394e-04      -1.92693e+03  3.18229e+01 -1.89511e+03       373
6.537684   4.99571e-01  5.00041e-01   9.999e-01   5.46542e-08  9.77950e-05      -1.84927e+03  1.46044e+02 -1.70322e+03       379
6.664036   4.98941e-01  4.99409e-01   9.999e-01   5.24586e-08  8.25354e-05      -1.76219e+03  2.67004e+02 -1.49519e+03       385
6.792811   4.98386e-01  4.98851e-01   9.999e-01   5.04774e-08  6.90533e-05      -1.66591e+03  3.95019e+02 -1.27089e+03       391
6.922665   4.97920e-01  4.98381e-01   9.999e-01   4.87018e-08  5.81293e-05      -1.56383e+03  5.26069e+02 -1.03777e+03       397
7.044678   4.97570e-01  4.98025e-01   9.999e-01   4.71046e-08  5.05458e-05      -1.46555e+03  6.48673e+02 -8.16876e+02       403
7.162026   4.97313e-01  4.97761e-01   9.999e-01   4.56978e-08  4.57054e-05      -1.37058e+03  7.64279e+02 -6.06305e+02       409
7.294585   4.97116e-01  4.97553e-01   9.999e-01   4.41722e-08  4.29294e-05      -1.26463e+03  8.90272e+02 -3.74362e+02       415
7.433906   4.97010e-01  4.97436e-01   9.999e-01   4.26582e-08  4.26739e-05      -1.15670e+03  1.01546e+03 -1.41239e+02       421
7.567777   4.97002e-01  4.97414e-01   9.999e-01   4.13382e-08  4.44525e-05      -1.05796e+03  1.12724e+03  6.92844e+01       427
7.694898   4.97074e-01  4.97472e-01   9.999e-01   4.01247e-08  4.74299e-05      -9.69913e+02  1.22452e+03  2.54605e+02       433
7.827969   4.97226e-01  4.97607e-01   9.999e-01   3.89350e-08  5.13206e-05      -8.84735e+02  1.31624e+03  4.31507e+02       439
7.960435   4.97446e-01  4.97810e-01   9.999e-01   3.77399e-08  5.54406e-05      -8.07827e+02  1.39665e+03  5.88827e+02       445
8.096041   4.97735e-01  4.98080e-01   9.999e-01   3.66584e-08  5.94072e-05      -7.37865e+02  1.46737e+03  7.29508e+02       451
8.228398   4.98072e-01  4.98396e-01   9.999e-01   3.55809e-08  6.26367e-05      -6.78496e+02  1.52493e+03  8.46438e+02       457
8.362380   4.98458e-01  4.98760e-01   9.999e-01   3.45984e-08  6.49609e-05      -6.27562e+02  1.57176e+03  9.44201e+02       463
8.496909   4.98883e-01  4.99162e-01   9.999e-01   3.36475e-08  6.61465e-05      -5.85704e+02  1.60748e+03  1.02178e+03       469
8.635333   4.99350e-01  4.99604e-01   9.999e-01   3.26971e-08  6.60721e-05      -5.52181e+02  1.63289e+03  1.08071e+03       475
8.779173   4.99858e-01  5.00086e-01   9.999e-01   3.17681e-08  6.46181e-05      -5.27265e+02  1.64777e+03  1.12051e+03       481
8.921204   5.00373e-01  5.00574e-01   9.999e-01   3.09490e-08  6.19016e-05      -5.12105e+02  1.65181e+03  1.13970e+03       487
9.053894   5.00858e-01  5.01035e-01   9.999e-01   3.01939e-08  5.83735e-05      -5.05863e+02  1.64685e+03  1.14099e+03       493
9.181461   5.01323e-01  5.01475e-01   9.999e-01   2.95176e-08  5.42485e-05      -5.06554e+02  1.63492e+03  1.12837e+03       499
9.320673   5.01821e-01  5.01946e-01   9.999e-01   2.88251e-08  4.91465e-05      -5.14109e+02  1.61484e+03  1.10073e+03       505
9.469485   5.02336e-01  5.02434e-01   9.999e-01   2.81642e-08  4.32668e-05      -5.29174e+02  1.58636e+03  1.05719e+03       511
9.612714   5.02811e-01  5.02881e-01   9.999e-01   2.75570e-08  3.74467e-05      -5.49622e+02  1.55326e+03  1.00364e+03       517
9.748568   5.03237e-01  5.03281e-01   9.999e-01   2.70512e-08  3.19949e-05      -5.73574e+02  1.51775e+03  9.44175e+02       523
9.878327   5.03619e-01  5.03639e-01   9.999e-01   2.65922e-08  2.70033e-05      -5.99897e+02  1.48095e+03  8.81054e+02       529
10.010830   5.03980e-01  5.03978e-01   9.999e-01   2.61533e-08  2.22485e-05      -6.29560e+02  1.44130e+03  8.11737e+02       535
10.151125   5.04331e-01  5.04304e-01   9.999e-01   2.57307e-08  1.76901e-05      -6.63320e+02  1.39787e+03  7.34547e+02       541
10.294502   5.04654e-01  5.04603e-01   9.999e-01   2.53441e-08  1.36105e-05      -6.99548e+02  1.35282e+03  6.53273e+02       547
10.432358   5.04928e-01  5.04856e-01   9.999e-01   2.49988e-08  1.02752e-05      -7.35323e+02  1.30967e+03  5.74348e+02       553
10.565853   5.05162e-01  5.05070e-01   9.999e-01   2.46912e-08  7.59222e-06      -7.70288e+02  1.26862e+03  4.98332e+02       559
10.698900   5.05363e-01  5.05252e-01   9.999e-01   2.43992e-08  5.43405e-06      -8.04928e+02  1.22898e+03  4.24055e+02       565
10.836261   5.05538e-01  5.05408e-01   9.999e-01   2.41221e-08  3.70591e-06      -8.40006e+02  1.18987e+03  3.49860e+02       571
10.977717   5.05685e-01  5.05537e-01   9.999e-01   2.38470e-08  2.39875e-06      -8.74940e+02  1.15194e+03  2.77003e+02       577
11.119712   5.05801e-01  5.05636e-01   9.999e-01   2.35983e-08  1.49866e-06      -9.08395e+02  1.11665e+03  2.08251e+02       583
11.256971   5.05884e-01  5.05704e-01   9.999e-01   2.33644e-08  9.50444e-07      -9.38875e+02  1.08543e+03  1.46559e+02       589
11.390975   5.05941e-01  5.05747e-01   9.999e-01   2.31399e-08  6.55337e-07      -9.66628e+02  1.05789e+03  9.12648e+01       595
11.524534   5.05974e-01  5.05768e-01   9.998e-01   2.29274e-08  5.38132e-07      -9.92138e+02  1.03344e+03  4.13005e+01       601
11.657184   5.05988e-01  5.05770e-01   9.998e-01   2.27265e-08  5.44499e-07      -1.01523e+03  1.01215e+03 -3.07456e+00       607
11.792528   5.05983e-01  5.05755e-01   9.998e-01   2.25089e-08  6.30623e-07      -1.03639e+03  9.93517e+02 -4.28729e+01       613
11.925512   5.05963e-01  5.05726e-01   9.998e-01   2.23054e-08  7.55741e-07      -1.05479e+03  9.78196e+02 -7.65930e+01       619
12.062026   5.05928e-01  5.05682e-01   9.998e-01   2.20963e-08  8.94977e-07      -1.07121e+03  9.65453e+02 -1.05753e+02       625
12.191286   5.05884e-01  5.05631e-01   9.998e-01   2.18872e-08  1.01583e-06      -1.08447e+03  9.56062e+02 -1.28407e+02       631
12.321070   5.05831e-01  5.05572e-01   9.998e-01   2.16838e-08  1.11270e-06      -1.09562e+03  9.49095e+02 -1.46526e+02       637
12.450671   5.05772e-01  5.05508e-01   9.998e-01   2.14762e-08  1.17675e-06      -1.10467e+03  9.44448e+02 -1.60223e+02       643
12.580175   5.05707e-01  5.05439e-01   9.998e-01   2.12735e-08  1.20508e-06      -1.11173e+03  9.41926e+02 -1.69803e+02       649
12.707554   5.05640e-01  5.05368e-01   9.998e-01   2.10677e-08  1.19848e-06      -1.11685e+03  9.41331e+02 -1.75520e+02       655
12.834639   5.05572e-01  5.05296e-01   9.998e-01   2.08590e-08  1.16088e-06      -1.12029e+03  9.42405e+02 -1.77889e+02       661
12.958988   5.05504e-01  5.05226e-01   9.998e-01   2.06716e-08  1.09863e-06      -1.12217e+03  9.44886e+02 -1.77287e+02       667
13.088302   5.05434e-01  5.05154e-01   9.998e-01   2.04607e-08  1.01296e-06      -1.12270e+03  9.48777e+02 -1.73919e+02       673
13.215801   5.05367e-01  5.05085e-01   9.998e-01   2.02640e-08  9.14151e-07      -1.12195e+03  9.53710e+02 -1.68235e+02       679
13.340600   5.05303e-01  5.05020e-01   9.998e-01   2.00688e-08  8.09700e-07      -1.12014e+03  9.59401e+02 -1.60743e+02       685
13.464763   5.05242e-01  5.04959e-01   9.998e-01   1.98690e-08  7.03239e-07      -1.11742e+03  9.65758e+02 -1.51662e+02       691
13.588446   5.05186e-01  5.04903e-01   9.998e-01   1.96831e-08  5.99397e-07      -1.11393e+03  9.72607e+02 -1.41319e+02       697
13.717328   5.05131e-01  5.04848e-01   9.998e-01   1.94856e-08  4.97488e-07      -1.10959e+03  9.80135e+02 -1.29453e+02       703
13.844855   5.05082e-01  5.04800e-01   9.998e-01   1.92998e-08  4.06188e-07      -1.10475e+03  9.87812e+02 -1.16935e+02       709
13.971832   5.05037e-01  5.04757e-01   9.998e-01   1.91071e-08  3.26598e-07      -1.09949e+03  9.95557e+02 -1.03930e+02       715
14.102834   5.04997e-01  5.04718e-01   9.998e-01   1.89204e-08  2.57695e-07      -1.09376e+03  1.00349e+03 -9.02728e+01       721
14.230390   5.04963e-01  5.04685e-01   9.998e-01   1.87314e-08  2.03665e-07      -1.08799e+03  1.01106e+03 -7.69301e+01       727
14.353021   5.04935e-01  5.04659e-01   9.998e-01   1.85611e-08  1.63475e-07      -1.08235e+03  1.01809e+03 -6.42623e+01       733
14.476846   5.04911e-01  5.04638e-01   9.998e-01   1.83738e-08  1.33684e-07      -1.07667e+03  1.02488e+03 -5.17959e+01       739
14.603568   5.04892e-01  5.04621e-01   9.998e-01   1.82021e-08  1.13100e-07      -1.07093e+03  1.03142e+03 -3.95144e+01       745
14.731735   5.04877e-01  5.04609e-01   9.998e-01   1.80268e-08  1.00900e-07      -1.06530e+03  1.03756e+03 -2.77383e+01       751
14.855001   5.04867e-01  5.04602e-01   9.998e-01   1.78581e-08  9.56642e-08      -1.06008e+03  1.04297e+03 -1.71064e+01       757
14.979473   5.04860e-01  5.04599e-01   9.998e-01   1.76888e-08  9.52313e-08      -1.05508e+03  1.04791e+03 -7.16843e+00       763
15.100952   5.04858e-01  5.04600e-01   9.998e-01   1.75264e-08  9.80659e-08      -1.05048e+03  1.05222e+03  1.74073e+00       769
15.223369   5.04858e-01  5.04604e-01   9.998e-01   1.73628e-08  1.02789e-07      -1.04618e+03  1.05601e+03  9.83348e+00       775
15.348116   5.04861e-01  5.04611e-01   9.998e-01   1.72121e-08  1.08487e-07      -1.04217e+03  1.05933e+03  1.71625e+01       781
15.466618   5.04867e-01  5.04621e-01   9.998e-01   1.70490e-08  1.13641e-07      -1.03872e+03  1.06195e+03  2.32320e+01       787
15.579588   5.04874e-01  5.04632e-01   9.998e-01   1.69085e-08  1.17814e-07      -1.03574e+03  1.06399e+03  2.82462e+01       793
15.692902   5.04883e-01  5.04645e-01   9.998e-01   1.67687e-08  1.20830e-07      -1.03309e+03  1.06560e+03  3.25134e+01       799
15.815632   5.04894e-01  5.04660e-01   9.998e-01   1.66263e-08  1.22493e-07      -1.03059e+03  1.06688e+03  3.62932e+01       805
15.935483   5.04905e-01  5.04677e-01   9.998e-01   1.64796e-08  1.22336e-07      -1.02851e+03  1.06769e+03  3.91745e+01       811
16.048975   5.04917e-01  5.04693e-01   9.998e-01   1.63479e-08  1.20564e-07      -1.02686e+03  1.06808e+03  4.12143e+01       817
16.162175   5.04930e-01  5.04710e-01   9.998e-01   1.62193e-08  1.17247e-07      -1.02553e+03  1.06811e+03  4.25836e+01       823
16.278278   5.04943e-01  5.04728e-01   9.998e-01   1.60956e-08  1.12459e-07      -1.02447e+03  1.06783e+03  4.33597e+01       829
16.393229   5.04956e-01  5.04747e-01   9.998e-01   1.59704e-08  1.06586e-07      -1.02369e+03  1.06726e+03  4.35683e+01       835
16.508002   5.04969e-01  5.04765e-01   9.998e-01   1.58507e-08  9.97603e-08      -1.02320e+03  1.06643e+03  4.32294e+01       841
16.623437   5.04981e-01  5.04783e-01   9.998e-01   1.57331e-08  9.22890e-08      -1.02296e+03  1.06537e+03  4.24155e+01       847
16.734944   5.04993e-01  5.04800e-01   9.998e-01   1.56216e-08  8.46778e-08      -1.02293e+03  1.06415e+03  4.12191e+01       853
16.851180   5.05005e-01  5.04818e-01   9.998e-01   1.55142e-08  7.66147e-08      -1.02312e+03  1.06271e+03  3.95940e+01       859
16.970825   5.05016e-01  5.04836e-01   9.998e-01   1.54030e-08  6.84466e-08      -1.02350e+03  1.06109e+03  3.75839e+01       865
17.087709   5.05026e-01  5.04852e-01   9.998e-01   1.52995e-08  6.07796e-08      -1.02405e+03  1.05939e+03  3.53340e+01       871
17.206064   5.05036e-01  5.04868e-01   9.998e-01   1.51968e-08  5.35299e-08      -1.02476e+03  1.05759e+03  3.28282e+01       877
17.323396   5.05044e-01  5.04883e-01   9.998e-01   1.50934e-08  4.69703e-08      -1.02559e+03  1.05575e+03  3.01635e+01       883
17.440257   5.05051e-01  5.04896e-01   9.998e-01   1.50019e-08  4.11648e-08      -1.02651e+03  1.05390e+03  2.73862e+01       889
17.558425   5.05057e-01  5.04909e-01   9.998e-01   1.49064e-08  3.60925e-08      -1.02752e+03  1.05203e+03  2.45045e+01       895
17.679040   5.05062e-01  5.04922e-01   9.998e-01   1.48119e-08  3.16829e-08      -1.02864e+03  1.05013e+03  2.14854e+01       901
17.797736   5.05066e-01  5.04933e-01   9.998e-01   1.47219e-08  2.81534e-08      -1.02978e+03  1.04830e+03  1.85162e+01       907
17.916259   5.05069e-01  5.04943e-01   9.998e-01   1.46339e-08  2.53805e-08      -1.03095e+03  1.04653e+03  1.55884e+01       913
18.034476   5.05070e-01  5.04952e-01   9.998e-01   1.45443e-08  2.32976e-08      -1.03211e+03  1.04485e+03  1.27370e+01       919
18.155151   5.05071e-01  5.04960e-01   9.998e-01   1.44631e-08  2.17944e-08      -1.03330e+03  1.04321e+03  9.91348e+00       925
18.274272   5.05070e-01  5.04967e-01   9.998e-01   1.43792e-08  2.08262e-08      -1.03445e+03  1.04170e+03  7.24893e+00       931
18.396839   5.05068e-01  5.04973e-01   9.998e-01   1.42955e-08  2.02829e-08      -1.03560e+03  1.04025e+03  4.65588e+00       937
18.517170   5.05065e-01  5.04978e-01   9.998e-01   1.42172e-08  2.01016e-08      -1.03668e+03  1.03895e+03  2.26453e+00       943
18.638688   5.05062e-01  5.04983e-01   9.998e-01   1.41374e-08  2.01749e-08      -1.03772e+03  1.03775e+03  2.88279e-02       949
18.761263   5.05057e-01  5.04987e-01   9.998e-01   1.40567e-08  2.04246e-08      -1.03871e+03  1.03667e+03 -2.03148e+00       955
18.886242   5.05051e-01  5.04990e-01   9.998e-01   1.39785e-08  2.07887e-08      -1.03963e+03  1.03571e+03 -3.92474e+00       961
19.010230   5.05045e-01  5.04993e-01   9.998e-01   1.39041e-08  2.11979e-08      -1.04048e+03  1.03488e+03 -5.59707e+00       967
19.134631   5.05038e-01  5.04995e-01   9.998e-01   1.38280e-08  2.15889e-08      -1.04124e+03  1.03418e+03 -7.05754e+00       973
19.258461   5.05031e-01  5.04996e-01   9.998e-01   1.37558e-08  2.19279e-08      -1.04191e+03  1.03361e+03 -8.30324e+00       979
19.385348   5.05023e-01  5.04997e-01   9.998e-01   1.36787e-08  2.22076e-08      -1.04252e+03  1.03314e+03 -9.37844e+00       985
19.510451   5.05015e-01  5.04998e-01   9.998e-01   1.36050e-08  2.23611e-08      -1.04302e+03  1.03280e+03 -1.02223e+01       991
19.635458   5.05006e-01  5.04998e-01   9.998e-01   1.35335e-08  2.24260e-08      -1.04345e+03  1.03256e+03 -1.08864e+01       997
19.759046   5.04997e-01  5.04998e-01   9.998e-01   1.34631e-08  2.23775e-08      -1.04379e+03  1.03243e+03 -1.13563e+01      1003
19.883667   5.04988e-01  5.04998e-01   9.998e-01   1.33937e-08  2.22401e-08      -1.04405e+03  1.03238e+03 -1.16691e+01      1009
20.009145   5.04979e-01  5.04998e-01   9.998e-01   1.33220e-08  2.20191e-08      -1.04424e+03  1.03241e+03 -1.18307e+01      1015
20.132919   5.04970e-01  5.04998e-01   9.998e-01   1.32559e-08  2.16960e-08      -1.04434e+03  1.03252e+03 -1.18219e+01      1021
20.260183   5.04960e-01  5.04998e-01   9.998e-01   1.31896e-08  2.13274e-08      -1.04439e+03  1.03269e+03 -1.16993e+01      1027
20.387548   5.04951e-01  5.04998e-01   9.998e-01   1.31217e-08  2.09376e-08      -1.04439e+03  1.03291e+03 -1.14770e+01      1033
20.515642   5.04942e-01  5.04999e-01   9.998e-01   1.30540e-08  2.05012e-08      -1.04432e+03  1.03319e+03 -1.11385e+01      1039
20.644491   5.04933e-01  5.04999e-01   9.998e-01   1.29865e-08  2.00268e-08      -1.04419e+03  1.03351e+03 -1.06795e+01      1045
20.773167   5.04924e-01  5.04999e-01   9.998e-01   1.29225e-08  1.95867e-08      -1.04403e+03  1.03385e+03 -1.01842e+01      1051
20.900073   5.04915e-01  5.05000e-01   9.998e-01   1.28556e-08  1.91616e-08      -1.04384e+03  1.03420e+03 -9.63507e+00      1057
21.025286   5.04907e-01  5.05001e-01   9.998e-01   1.27922e-08  1.87452e-08      -1.04361e+03  1.03457e+03 -9.03438e+00      1063
21.152238   5.04899e-01  5.05002e-01   9.998e-01   1.27305e-08  1.83567e-08      -1.04335e+03  1.03495e+03 -8.40381e+00      1069
21.280264   5.04891e-01  5.05004e-01   9.998e-01   1.26663e-08  1.79984e-08      -1.04308e+03  1.03533e+03 -7.75291e+00      1075
21.406441   5.04883e-01  5.05005e-01   9.998e-01   1.26034e-08  1.76641e-08      -1.04280e+03  1.03570e+03 -7.09562e+00      1081
21.531594   5.04876e-01  5.05007e-01   9.998e-01   1.25442e-08  1.73646e-08      -1.04251e+03  1.03606e+03 -6.44684e+00      1087
21.658074   5.04869e-01  5.05009e-01   9.998e-01   1.24821e-08  1.70848e-08      -1.04220e+03  1.03641e+03 -5.79477e+00      1093
21.783485   5.04863e-01  5.05012e-01   9.998e-01   1.24279e-08  1.68338e-08      -1.04190e+03  1.03674e+03 -5.16453e+00      1099
21.910492   5.04856e-01  5.05014e-01   9.998e-01   1.23662e-08  1.66063e-08      -1.04161e+03  1.03705e+03 -4.55385e+00      1105
22.037704   5.04850e-01  5.05017e-01   9.998e-01   1.23076e-08  1.63970e-08      -1.04132e+03  1.03735e+03 -3.96965e+00      1111
22.164315   5.04844e-01  5.05020e-01   9.998e-01   1.22502e-08  1.62049e-08      -1.04104e+03  1.03762e+03 -3.42091e+00      1117
22.289563   5.04838e-01  5.05023e-01   9.998e-01   1.21941e-08  1.60258e-08      -1.04077e+03  1.03786e+03 -2.91114e+00      1123
22.415562   5.04833e-01  5.05027e-01   9.998e-01   1.21408e-08  1.58586e-08      -1.04052e+03  1.03808e+03 -2.43580e+00      1129
22.540522   5.04828e-01  5.05030e-01   9.998e-01   1.20852e-08  1.57018e-08      -1.04028e+03  1.03828e+03 -2.00891e+00      1135
22.667802   5.04823e-01  5.05034e-01   9.998e-01   1.20283e-08  1.55486e-08      -1.04006e+03  1.03845e+03 -1.60932e+00      1141
22.795568   5.04818e-01  5.05038e-01   9.998e-01   1.19763e-08  1.54024e-08      -1.03986e+03  1.03860e+03 -1.25942e+00      1147
22.923328   5.04813e-01  5.05041e-01   9.998e-01   1.19208e-08  1.52624e-08      -1.03968e+03  1.03873e+03 -9.54346e-01      1153
23.050656   5.04808e-01  5.05045e-01   9.998e-01   1.18669e-08  1.51213e-08      -1.03952e+03  1.03884e+03 -6.79769e-01      1159
23.179951   5.04804e-01  5.05049e-01   9.998e-01   1.18140e-08  1.49854e-08      -1.03938e+03  1.03893e+03 -4.44007e-01      1165
23.306912   5.04800e-01  5.05053e-01   9.998e-01   1.17631e-08  1.48561e-08      -1.03926e+03  1.03900e+03 -2.65206e-01      1171
23.432524   5.04795e-01  5.05057e-01   9.998e-01   1.17103e-08  1.47281e-08      -1.03917e+03  1.03905e+03 -1.18158e-01      1177
23.555589   5.04791e-01  5.05061e-01   9.998e-01   1.16619e-08  1.46053e-08      -1.03909e+03  1.03909e+03 -3.70002e-03      1183
23.680700   5.04787e-01  5.05066e-01   9.998e-01   1.16109e-08  1.44869e-08      -1.03903e+03  1.03912e+03  8.30872e-02      1189
23.806117   5.04783e-01  5.05070e-01   9.998e-01   1.15619e-08  1.43687e-08      -1.03898e+03  1.03914e+03  1.55262e-01      1195
23.938236   5.04779e-01  5.05074e-01   9.998e-01   1.15120e-08  1.42504e-08      -1.03896e+03  1.03915e+03  1.88117e-01      1201
24.066143   5.04775e-01  5.05078e-01   9.998e-01   1.14623e-08  1.41397e-08      -1.03895e+03  1.03915e+03  2.02023e-01      1207
24.192916   5.04772e-01  5.05082e-01   9.998e-01   1.14142e-08  1.40353e-08      -1.03895e+03  1.03915e+03  2.00565e-01      1213
24.319328   5.04768e-01  5.05086e-01   9.998e-01   1.13658e-08  1.39344e-08      -1.03897e+03  1.03915e+03  1.77736e-01      1219
24.446882   5.04764e-01  5.05090e-01   9.998e-01   1.13162e-08  1.38390e-08      -1.03899e+03  1.03915e+03  1.62730e-01      1225
24.574499   5.04760e-01  5.05094e-01   9.998e-01   1.12710e-08  1.37462e-08      -1.03903e+03  1.03914e+03  1.12008e-01      1231
24.701687   5.04756e-01  5.05097e-01   9.998e-01   1.12236e-08  1.36566e-08      -1.03908e+03  1.03915e+03  6.94985e-02      1237
24.829479   5.04753e-01  5.05101e-01   9.998e-01   1.11770e-08  1.35695e-08      -1.03913e+03  1.03915e+03  1.11360e-02      1243
24.955700   5.04749e-01  5.05105e-01   9.998e-01   1.11299e-08  1.34893e-08      -1.03920e+03  1.03916e+03 -4.08335e-02      1249
25.080430   5.04745e-01  5.05108e-01   9.998e-01   1.10822e-08  1.34060e-08      -1.03927e+03  1.03916e+03 -1.04092e-01      1255
25.205823   5.04742e-01  5.05112e-01   9.998e-01   1.10363e-08  1.33271e-08      -1.03934e+03  1.03918e+03 -1.60540e-01      1261
25.332195   5.04738e-01  5.05115e-01   9.998e-01   1.09921e-08  1.32501e-08      -1.03942e+03  1.03920e+03 -2.14994e-01      1267
25.459050   5.04735e-01  5.05119e-01   9.998e-01   1.09478e-08  1.31750e-08      -1.03950e+03  1.03923e+03 -2.64691e-01      1273
25.587621   5.04731e-01  5.05122e-01   9.998e-01   1.09038e-08  1.31005e-08      -1.03958e+03  1.03928e+03 -3.02469e-01      1279
25.716792   5.04727e-01  5.05126e-01   9.998e-01   1.08569e-08  1.30268e-08      -1.03966e+03  1.03933e+03 -3.36144e-01      1285
25.843138   5.04724e-01  5.05129e-01   9.998e-01   1.08127e-08  1.29541e-08      -1.03975e+03  1.03938e+03 -3.70175e-01      1291
25.967346   5.04720e-01  5.05132e-01   9.998e-01   1.07686e-08  1.28821e-08      -1.03983e+03  1.03944e+03 -3.94124e-01      1297
26.094327   5.04717e-01  5.05135e-01   9.998e-01   1.07243e-08  1.28105e-08      -1.03991e+03  1.03951e+03 -4.06096e-01      1303
26.219343   5.04713e-01  5.05138e-01   9.998e-01   1.06849e-08  1.27423e-08      -1.03998e+03  1.03959e+03 -3.94040e-01      1309
26.346171   5.04710e-01  5.05141e-01   9.998e-01   1.06417e-08  1.26716e-08      -1.04007e+03  1.03967e+03 -3.95654e-01      1315
26.472699   5.04707e-01  5.05144e-01   9.998e-01   1.05989e-08  1.26004e-08      -1.04015e+03  1.03976e+03 -3.88559e-01      1321
