0.000000000000000000e+00
9.290809247564785212e-03
1.900861121187143871e-02
2.846556049889108556e-02
3.769147091573300107e-02
4.660710495558688382e-02
5.549884926192578255e-02
6.463517317808653573e-02
7.386589539348055455e-02
8.319142696627560007e-02
9.269748561439740409e-02
1.024282238210426355e-01
1.123452680972555628e-01
1.224531159029894345e-01
1.328196160158181538e-01
1.427505879099507380e-01
1.526633281653482221e-01
1.625911083137075719e-01
1.725698113150856972e-01
1.826222388078475589e-01
1.927585705266185168e-01
2.029644194355266773e-01
2.132728878070234702e-01
2.236820170698389232e-01
2.341812406110721778e-01
2.447590488020257582e-01
2.554033033368044436e-01
2.661059764911905545e-01
2.768623048264164943e-01
2.876403708847496410e-01
2.984063953567564487e-01
3.091376975035329822e-01
3.198603674287863741e-01
3.305902187820295990e-01
3.413260425686515664e-01
3.520751652959954736e-01
3.628279150071725967e-01
3.735853314375485179e-01
3.843434007250143836e-01
3.951063301708168662e-01
4.058809143246701057e-01
4.166607938749198325e-01
4.274577686089703343e-01
4.382754896905470265e-01
4.491083715645466934e-01
4.599536577232560264e-01
4.708275003346790721e-01
4.817273363302403966e-01
4.879447120171896968e-01
4.928864533100943413e-01
4.978313138090955658e-01
5.027889896509742940e-01
5.077643893538514863e-01
5.127613817004825769e-01
5.177851170079108556e-01
5.228358612549506290e-01
5.279079563468220826e-01
5.330003383682675455e-01
5.381072041451536725e-01
5.432314310846549921e-01
5.483712782345315784e-01
5.535288250655142628e-01
5.587018953873034155e-01
5.699528717777072595e-01
5.808267869288070706e-01
5.917061909154410770e-01
6.025843859074641040e-01
6.134578900003960777e-01
6.243254700197337081e-01
6.351856751719437977e-01
6.460371030232774370e-01
6.568771421453746262e-01
6.677102899981887107e-01
6.785265361063398393e-01
6.893240427980191765e-01
7.001121918714088288e-01
7.108935705749763745e-01
7.216720718713695026e-01
7.324475265013427050e-01
7.432219172160582366e-01
7.539969607878637126e-01
7.647738420314780239e-01
7.755524884072245717e-01
7.863301917671744468e-01
7.971054287781176306e-01
8.078771838845809627e-01
8.186433776158332787e-01
8.294072984372168333e-01
