0.000000000000000000e+00
1.326968305231166802e-02
3.333456867599305512e-02
5.282723715024943700e-02
7.217879177350033926e-02
9.294037263176373187e-02
1.152230863297980246e-01
1.390692234990988652e-01
1.648862636833852702e-01
1.937777529837604873e-01
2.251292319790882679e-01
2.573360988416487083e-01
2.890384280731124189e-01
3.199255080584314515e-01
3.512122333023897647e-01
3.821300942905069276e-01
4.122322466145272313e-01
4.420410726660068401e-01
4.722504869919223469e-01
5.027504952625574397e-01
5.328708550454206438e-01
5.622617074799570736e-01
5.911633281551731400e-01
6.199278246616003463e-01
6.488237630621442875e-01
6.779115205476825556e-01
7.072147450528077917e-01
7.367191946210014386e-01
7.664309867649956587e-01
7.963645085206622065e-01
8.264731894155824543e-01
8.567578032063072335e-01
8.871986916404603907e-01
