  time                       Ehyb/coef
0.000000    -1.916110e+00  -1.077415e+00  -2.993525e+00
0.036431    -1.916361e+00  -1.077043e+00  -2.993405e+00
0.112024    -1.918526e+00  -1.075644e+00  -2.994170e+00
0.196351    -1.922941e+00  -1.072170e+00  -2.995111e+00
0.298119    -1.930308e+00  -1.066587e+00  -2.996895e+00
0.411717    -1.940322e+00  -1.060241e+00  -3.000562e+00
0.525882    -1.951017e+00  -1.054303e+00  -3.005320e+00
0.642305    -1.962477e+00  -1.048127e+00  -3.010604e+00
0.761132    -1.974404e+00  -1.042303e+00  -3.016707e+00
0.885033    -1.986769e+00  -1.037875e+00  -3.024644e+00
1.009971    -1.998849e+00  -1.034122e+00  -3.032971e+00
1.140219    -2.011104e+00  -1.029863e+00  -3.040967e+00
1.270338    -2.022851e+00  -1.026459e+00  -3.049310e+00
1.395783    -2.033837e+00  -1.023205e+00  -3.057042e+00
1.526389    -2.044946e+00  -1.020012e+00  -3.064957e+00
1.658361    -2.055543e+00  -1.016799e+00  -3.072342e+00
1.796976    -2.066359e+00  -1.014558e+00  -3.080918e+00
1.939598    -2.077127e+00  -1.012684e+00  -3.089811e+00
2.082504    -2.087320e+00  -1.010935e+00  -3.098255e+00
2.232968    -2.097922e+00  -1.008364e+00  -3.106286e+00
2.379234    -2.107543e+00  -1.006095e+00  -3.113638e+00
2.524016    -2.116668e+00  -1.004637e+00  -3.121305e+00
2.669181    -2.125763e+00  -1.002130e+00  -3.127894e+00
2.820827    -2.134615e+00  -1.001093e+00  -3.135708e+00
2.981268    -2.143459e+00  -9.995123e-01  -3.142971e+00
3.143858    -2.151608e+00  -9.978503e-01  -3.149458e+00
3.310576    -2.159651e+00  -9.966827e-01  -3.156334e+00
3.477166    -2.167314e+00  -9.956968e-01  -3.163011e+00
3.638019    -2.174094e+00  -9.950080e-01  -3.169102e+00
3.804659    -2.180984e+00  -9.941321e-01  -3.175116e+00
3.968938    -2.187167e+00  -9.937170e-01  -3.180884e+00
4.136713    -2.193216e+00  -9.926791e-01  -3.185895e+00
4.300851    -2.198609e+00  -9.925171e-01  -3.191126e+00
4.466919    -2.204013e+00  -9.916721e-01  -3.195685e+00
4.638544    -2.209079e+00  -9.911585e-01  -3.200237e+00
4.817782    -2.214047e+00  -9.902021e-01  -3.204249e+00
4.994234    -2.218649e+00  -9.893165e-01  -3.207966e+00
5.163252    -2.222504e+00  -9.887574e-01  -3.211262e+00
5.347239    -2.227066e+00  -9.878756e-01  -3.214941e+00
5.526945    -2.230517e+00  -9.876327e-01  -3.218150e+00
5.711890    -2.233783e+00  -9.875475e-01  -3.221331e+00
5.893698    -2.236562e+00  -9.873998e-01  -3.223962e+00
6.082370    -2.239335e+00  -9.871937e-01  -3.226529e+00
6.273755    -2.241772e+00  -9.867282e-01  -3.228501e+00
6.466069    -2.244072e+00  -9.871544e-01  -3.231227e+00
6.662717    -2.246445e+00  -9.866126e-01  -3.233058e+00
6.856223    -2.248393e+00  -9.865047e-01  -3.234898e+00
7.057351    -2.250536e+00  -9.859847e-01  -3.236521e+00
7.258844    -2.252364e+00  -9.859959e-01  -3.238360e+00
7.463067    -2.254094e+00  -9.854425e-01  -3.239536e+00
7.665242    -2.255502e+00  -9.851282e-01  -3.240630e+00
7.872015    -2.256924e+00  -9.855292e-01  -3.242453e+00
8.067878    -2.258173e+00  -9.849012e-01  -3.243074e+00
8.275364    -2.259441e+00  -9.845716e-01  -3.244013e+00
8.479812    -2.260146e+00  -9.850510e-01  -3.245197e+00
8.687568    -2.261058e+00  -9.853756e-01  -3.246434e+00
8.886551    -2.261513e+00  -9.853840e-01  -3.246897e+00
9.094418    -2.262176e+00  -9.853641e-01  -3.247540e+00
9.308076    -2.262959e+00  -9.849973e-01  -3.247956e+00
9.526343    -2.263398e+00  -9.855600e-01  -3.248957e+00
9.743307    -2.264023e+00  -9.851186e-01  -3.249141e+00
9.960586    -2.264517e+00  -9.851191e-01  -3.249636e+00
10.183340    -2.265080e+00  -9.849999e-01  -3.250080e+00
10.407705    -2.265434e+00  -9.847833e-01  -3.250217e+00
10.628497    -2.266049e+00  -9.848225e-01  -3.250872e+00
10.844766    -2.266417e+00  -9.847686e-01  -3.251186e+00
11.072636    -2.267029e+00  -9.843362e-01  -3.251365e+00
11.301497    -2.267074e+00  -9.845280e-01  -3.251602e+00
11.530088    -2.267430e+00  -9.847558e-01  -3.252186e+00
11.767211    -2.267861e+00  -9.839176e-01  -3.251779e+00
11.998258    -2.268014e+00  -9.842043e-01  -3.252219e+00
12.232073    -2.267951e+00  -9.848656e-01  -3.252816e+00
12.467514    -2.267825e+00  -9.846716e-01  -3.252496e+00
12.709299    -2.267735e+00  -9.846394e-01  -3.252374e+00
12.951639    -2.267542e+00  -9.847968e-01  -3.252339e+00
13.193014    -2.267677e+00  -9.842114e-01  -3.251888e+00
13.436042    -2.267980e+00  -9.842544e-01  -3.252234e+00
13.687119    -2.268001e+00  -9.846332e-01  -3.252634e+00
13.937361    -2.267913e+00  -9.844771e-01  -3.252390e+00
14.187929    -2.268062e+00  -9.843187e-01  -3.252381e+00
14.439941    -2.268446e+00  -9.850364e-01  -3.253483e+00
14.694008    -2.268564e+00  -9.844871e-01  -3.253051e+00
14.951811    -2.268945e+00  -9.847705e-01  -3.253716e+00
15.207220    -2.269169e+00  -9.843820e-01  -3.253551e+00
15.462530    -2.269187e+00  -9.844300e-01  -3.253617e+00
15.714701    -2.269339e+00  -9.845458e-01  -3.253884e+00
15.979718    -2.269470e+00  -9.834565e-01  -3.252926e+00
16.236118    -2.269561e+00  -9.840522e-01  -3.253613e+00
16.501464    -2.269494e+00  -9.840710e-01  -3.253565e+00
16.763108    -2.269470e+00  -9.838056e-01  -3.253276e+00
17.018941    -2.269309e+00  -9.850848e-01  -3.254394e+00
17.274026    -2.269225e+00  -9.851840e-01  -3.254409e+00
17.534241    -2.269428e+00  -9.846013e-01  -3.254030e+00
17.791314    -2.269650e+00  -9.839658e-01  -3.253616e+00
18.051377    -2.269572e+00  -9.847677e-01  -3.254340e+00
18.306593    -2.269757e+00  -9.850667e-01  -3.254824e+00
18.569375    -2.269809e+00  -9.844882e-01  -3.254297e+00
18.831149    -2.269919e+00  -9.845600e-01  -3.254479e+00
19.105022    -2.270038e+00  -9.841650e-01  -3.254203e+00
19.372118    -2.269972e+00  -9.846496e-01  -3.254621e+00
19.649833    -2.269717e+00  -9.839627e-01  -3.253680e+00
19.925600    -2.269662e+00  -9.845948e-01  -3.254257e+00
20.203805    -2.269788e+00  -9.837101e-01  -3.253498e+00
20.481578    -2.269704e+00  -9.836905e-01  -3.253395e+00
20.747605    -2.269404e+00  -9.839821e-01  -3.253386e+00
21.024965    -2.269453e+00  -9.849272e-01  -3.254380e+00
21.303888    -2.269461e+00  -9.846505e-01  -3.254112e+00
21.586578    -2.269197e+00  -9.840667e-01  -3.253264e+00
21.867737    -2.269378e+00  -9.841212e-01  -3.253499e+00
22.141060    -2.269286e+00  -9.846985e-01  -3.253985e+00
22.424648    -2.269198e+00  -9.846002e-01  -3.253798e+00
22.697195    -2.269624e+00  -9.842020e-01  -3.253826e+00
22.974356    -2.269635e+00  -9.844131e-01  -3.254048e+00
23.254219    -2.269434e+00  -9.848320e-01  -3.254266e+00
23.532466    -2.269321e+00  -9.850223e-01  -3.254343e+00
23.811970    -2.269209e+00  -9.845377e-01  -3.253746e+00
24.093486    -2.269291e+00  -9.846086e-01  -3.253899e+00
24.385589    -2.269214e+00  -9.845592e-01  -3.253773e+00
24.673337    -2.269624e+00  -9.838531e-01  -3.253477e+00
24.959010    -2.269904e+00  -9.837564e-01  -3.253661e+00
25.241909    -2.269813e+00  -9.840899e-01  -3.253903e+00
25.533743    -2.269807e+00  -9.847969e-01  -3.254604e+00
25.821032    -2.269796e+00  -9.848060e-01  -3.254602e+00
26.118206    -2.269966e+00  -9.842012e-01  -3.254167e+00
26.404515    -2.269918e+00  -9.843129e-01  -3.254231e+00
26.701661    -2.269704e+00  -9.844110e-01  -3.254115e+00
26.998365    -2.269608e+00  -9.848693e-01  -3.254477e+00
27.306388    -2.269944e+00  -9.837335e-01  -3.253677e+00
27.611495    -2.270049e+00  -9.837981e-01  -3.253847e+00
27.915966    -2.269970e+00  -9.842645e-01  -3.254235e+00
28.205572    -2.270004e+00  -9.843018e-01  -3.254306e+00
28.498474    -2.269882e+00  -9.845145e-01  -3.254396e+00
28.796007    -2.269476e+00  -9.840576e-01  -3.253533e+00
29.101430    -2.269539e+00  -9.844587e-01  -3.253997e+00
29.406987    -2.269165e+00  -9.843949e-01  -3.253560e+00
29.706914    -2.269127e+00  -9.844092e-01  -3.253536e+00
