0.000000    -2.017943e+00  -1.044952e+00  -3.062895e+00
0.000398    -2.017948e+00  -1.044956e+00  -3.062905e+00
0.000795    -2.017950e+00  -1.044958e+00  -3.062908e+00
0.001290    -2.017951e+00  -1.044958e+00  -3.062909e+00
0.002308    -2.017952e+00  -1.044957e+00  -3.062908e+00
0.003808    -2.017953e+00  -1.044954e+00  -3.062907e+00
0.005306    -2.017956e+00  -1.044949e+00  -3.062905e+00
0.006630    -2.017958e+00  -1.044945e+00  -3.062903e+00
0.008307    -2.017963e+00  -1.044939e+00  -3.062902e+00
0.010743    -2.017972e+00  -1.044927e+00  -3.062900e+00
0.015316    -2.017997e+00  -1.044900e+00  -3.062896e+00
0.019898    -2.018030e+00  -1.044867e+00  -3.062896e+00
0.028825    -2.018118e+00  -1.044783e+00  -3.062901e+00
0.037688    -2.018237e+00  -1.044671e+00  -3.062908e+00
0.049124    -2.018437e+00  -1.044484e+00  -3.062921e+00
0.056886    -2.018601e+00  -1.044329e+00  -3.062930e+00
0.064577    -2.018787e+00  -1.044154e+00  -3.062941e+00
0.072960    -2.019015e+00  -1.043939e+00  -3.062954e+00
0.080134    -2.019231e+00  -1.043736e+00  -3.062968e+00
0.087681    -2.019479e+00  -1.043506e+00  -3.062985e+00
0.097894    -2.019847e+00  -1.043167e+00  -3.063015e+00
0.109616    -2.020315e+00  -1.042740e+00  -3.063055e+00
0.123251    -2.020916e+00  -1.042193e+00  -3.063109e+00
0.135020    -2.021484e+00  -1.041679e+00  -3.063162e+00
0.149919    -2.022264e+00  -1.040976e+00  -3.063240e+00
0.164789    -2.023109e+00  -1.040221e+00  -3.063330e+00
0.182769    -2.024217e+00  -1.039246e+00  -3.063464e+00
0.198261    -2.025242e+00  -1.038358e+00  -3.063600e+00
0.208573    -2.025957e+00  -1.037744e+00  -3.063702e+00
0.222988    -2.027001e+00  -1.036860e+00  -3.063861e+00
0.242134    -2.028462e+00  -1.035645e+00  -3.064107e+00
0.260447    -2.029933e+00  -1.034446e+00  -3.064379e+00
0.283322    -2.031866e+00  -1.032904e+00  -3.064770e+00
0.306509    -2.033923e+00  -1.031301e+00  -3.065224e+00
0.335986    -2.036666e+00  -1.029219e+00  -3.065885e+00
0.362628    -2.039254e+00  -1.027306e+00  -3.066560e+00
0.395683    -2.042593e+00  -1.024905e+00  -3.067498e+00
0.423014    -2.045448e+00  -1.022905e+00  -3.068353e+00
0.451973    -2.048554e+00  -1.020780e+00  -3.069333e+00
0.503017    -2.054203e+00  -1.017033e+00  -3.071236e+00
0.553091    -2.059923e+00  -1.013367e+00  -3.073289e+00
0.599382    -2.065337e+00  -1.009993e+00  -3.075331e+00
0.648485    -2.071191e+00  -1.006438e+00  -3.077629e+00
0.709088    -2.078540e+00  -1.002078e+00  -3.080618e+00
0.752854    -2.083915e+00  -9.989427e-01  -3.082858e+00
0.786760    -2.088112e+00  -9.965184e-01  -3.084630e+00
0.814669    -2.091584e+00  -9.945256e-01  -3.086110e+00
0.851995    -2.096250e+00  -9.918649e-01  -3.088115e+00
0.928718    -2.105900e+00  -9.864197e-01  -3.092319e+00
0.999205    -2.114809e+00  -9.814474e-01  -3.096257e+00
1.064918    -2.123129e+00  -9.768306e-01  -3.099959e+00
1.128491    -2.131168e+00  -9.723761e-01  -3.103544e+00
1.174051    -2.136915e+00  -9.691894e-01  -3.106105e+00
1.224083    -2.143204e+00  -9.656962e-01  -3.108901e+00
1.303570    -2.153135e+00  -9.601652e-01  -3.113300e+00
1.396838    -2.164661e+00  -9.537233e-01  -3.118384e+00
1.485191    -2.175414e+00  -9.476966e-01  -3.123110e+00
1.596095    -2.188627e+00  -9.402781e-01  -3.128905e+00
1.714645    -2.202334e+00  -9.325717e-01  -3.134906e+00
1.818305    -2.213910e+00  -9.260687e-01  -3.139979e+00
1.930280    -2.225931e+00  -9.193518e-01  -3.145283e+00
2.043019    -2.237478e+00  -9.129645e-01  -3.150442e+00
2.130158    -2.245991e+00  -9.083130e-01  -3.154304e+00
2.226841    -2.254993e+00  -9.034684e-01  -3.158462e+00
2.315459    -2.262818e+00  -8.993407e-01  -3.162158e+00
2.417866    -2.271334e+00  -8.949614e-01  -3.166295e+00
2.537390    -2.280547e+00  -8.903982e-01  -3.170945e+00
2.638271    -2.287711e+00  -8.870118e-01  -3.174723e+00
2.719885    -2.293100e+00  -8.845825e-01  -3.177683e+00
2.804346    -2.298302e+00  -8.823550e-01  -3.180657e+00
2.898970    -2.303690e+00  -8.801924e-01  -3.183883e+00
2.990994    -2.308504e+00  -8.784109e-01  -3.186915e+00
3.059618    -2.311834e+00  -8.772778e-01  -3.189112e+00
3.152967    -2.316030e+00  -8.759876e-01  -3.192017e+00
3.255567    -2.320231e+00  -8.748769e-01  -3.195107e+00
3.358146    -2.324040e+00  -8.740559e-01  -3.198096e+00
3.443806    -2.326953e+00  -8.735662e-01  -3.200519e+00
3.546195    -2.330149e+00  -8.731818e-01  -3.203331e+00
3.664179    -2.333498e+00  -8.729637e-01  -3.206462e+00
3.784179    -2.336598e+00  -8.729342e-01  -3.209532e+00
3.904179    -2.339451e+00  -8.730427e-01  -3.212494e+00
4.022636    -2.342083e+00  -8.732331e-01  -3.215316e+00
4.130495    -2.344362e+00  -8.734396e-01  -3.217802e+00
4.237178    -2.346543e+00  -8.736419e-01  -3.220184e+00
4.352817    -2.348853e+00  -8.738312e-01  -3.222684e+00
4.449282    -2.350759e+00  -8.739466e-01  -3.224706e+00
4.544124    -2.352628e+00  -8.740089e-01  -3.226637e+00
4.658451    -2.354889e+00  -8.740018e-01  -3.228891e+00
4.777065    -2.357258e+00  -8.738845e-01  -3.231143e+00
4.893859    -2.359624e+00  -8.736480e-01  -3.233272e+00
5.000757    -2.361822e+00  -8.733203e-01  -3.235142e+00
5.120757    -2.364328e+00  -8.728236e-01  -3.237152e+00
5.232592    -2.366697e+00  -8.722394e-01  -3.238937e+00
5.332001    -2.368825e+00  -8.716257e-01  -3.240451e+00
5.445345    -2.371269e+00  -8.708254e-01  -3.242095e+00
5.565345    -2.373868e+00  -8.698727e-01  -3.243740e+00
5.684297    -2.376442e+00  -8.688363e-01  -3.245278e+00
5.804297    -2.379024e+00  -8.677140e-01  -3.246738e+00
5.924297    -2.381581e+00  -8.665313e-01  -3.248112e+00
6.044297    -2.384098e+00  -8.653049e-01  -3.249403e+00
6.164297    -2.386564e+00  -8.640510e-01  -3.250615e+00
6.284297    -2.388967e+00  -8.627859e-01  -3.251753e+00
6.404297    -2.391294e+00  -8.615251e-01  -3.252819e+00
6.524297    -2.393535e+00  -8.602837e-01  -3.253818e+00
6.644297    -2.395678e+00  -8.590753e-01  -3.254753e+00
6.761185    -2.397662e+00  -8.579420e-01  -3.255604e+00
6.881185    -2.399586e+00  -8.568346e-01  -3.256421e+00
6.999045    -2.401358e+00  -8.558122e-01  -3.257171e+00
7.117968    -2.403024e+00  -8.548542e-01  -3.257878e+00
7.235867    -2.404551e+00  -8.539840e-01  -3.258535e+00
7.355867    -2.405979e+00  -8.531836e-01  -3.259162e+00
7.474641    -2.407268e+00  -8.524786e-01  -3.259746e+00
7.592025    -2.408423e+00  -8.518670e-01  -3.260290e+00
7.703701    -2.409418e+00  -8.513619e-01  -3.260780e+00
7.822100    -2.410368e+00  -8.509050e-01  -3.261273e+00
7.942100    -2.411228e+00  -8.505193e-01  -3.261747e+00
8.062100    -2.411994e+00  -8.502052e-01  -3.262199e+00
8.182100    -2.412676e+00  -8.499551e-01  -3.262631e+00
8.299261    -2.413271e+00  -8.497653e-01  -3.263036e+00
8.419261    -2.413817e+00  -8.496182e-01  -3.263435e+00
8.539261    -2.414309e+00  -8.495098e-01  -3.263819e+00
8.658957    -2.414756e+00  -8.494322e-01  -3.264188e+00
8.778957    -2.415169e+00  -8.493768e-01  -3.264545e+00
8.898957    -2.415554e+00  -8.493362e-01  -3.264890e+00
9.018957    -2.415920e+00  -8.493034e-01  -3.265224e+00
9.138957    -2.416273e+00  -8.492721e-01  -3.265545e+00
9.258957    -2.416619e+00  -8.492368e-01  -3.265856e+00
9.378957    -2.416963e+00  -8.491927e-01  -3.266155e+00
9.498957    -2.417308e+00  -8.491359e-01  -3.266444e+00
9.618957    -2.417658e+00  -8.490632e-01  -3.266722e+00
9.738957    -2.418016e+00  -8.489725e-01  -3.266988e+00
9.858957    -2.418381e+00  -8.488623e-01  -3.267244e+00
9.978957    -2.418756e+00  -8.487322e-01  -3.267488e+00
10.098957    -2.419139e+00  -8.485822e-01  -3.267721e+00
10.218957    -2.419530e+00  -8.484131e-01  -3.267943e+00
10.338957    -2.419928e+00  -8.482265e-01  -3.268155e+00
10.458957    -2.420330e+00  -8.480245e-01  -3.268355e+00
10.578957    -2.420735e+00  -8.478092e-01  -3.268544e+00
10.698957    -2.421140e+00  -8.475836e-01  -3.268723e+00
10.818957    -2.421542e+00  -8.473506e-01  -3.268892e+00
10.937791    -2.421934e+00  -8.471154e-01  -3.269050e+00
11.057791    -2.422323e+00  -8.468767e-01  -3.269199e+00
11.177791    -2.422700e+00  -8.466396e-01  -3.269340e+00
11.297791    -2.423065e+00  -8.464069e-01  -3.269472e+00
11.416727    -2.423412e+00  -8.461832e-01  -3.269595e+00
11.536727    -2.423745e+00  -8.459668e-01  -3.269712e+00
11.656727    -2.424060e+00  -8.457615e-01  -3.269821e+00
11.776727    -2.424356e+00  -8.455689e-01  -3.269925e+00
11.896727    -2.424633e+00  -8.453900e-01  -3.270023e+00
12.016727    -2.424890e+00  -8.452256e-01  -3.270116e+00
12.136727    -2.425128e+00  -8.450760e-01  -3.270204e+00
12.256727    -2.425346e+00  -8.449412e-01  -3.270288e+00
12.376727    -2.425547e+00  -8.448207e-01  -3.270368e+00
12.496727    -2.425731e+00  -8.447141e-01  -3.270445e+00
12.616727    -2.425899e+00  -8.446203e-01  -3.270520e+00
12.736727    -2.426053e+00  -8.445383e-01  -3.270591e+00
12.856727    -2.426194e+00  -8.444671e-01  -3.270661e+00
12.976727    -2.426323e+00  -8.444053e-01  -3.270728e+00
13.096727    -2.426442e+00  -8.443516e-01  -3.270793e+00
13.216727    -2.426552e+00  -8.443048e-01  -3.270857e+00
13.336727    -2.426655e+00  -8.442635e-01  -3.270918e+00
13.456727    -2.426752e+00  -8.442265e-01  -3.270978e+00
13.576727    -2.426844e+00  -8.441928e-01  -3.271037e+00
13.696727    -2.426932e+00  -8.441612e-01  -3.271093e+00
13.816727    -2.427017e+00  -8.441310e-01  -3.271148e+00
13.936727    -2.427100e+00  -8.441012e-01  -3.271201e+00
14.056727    -2.427181e+00  -8.440716e-01  -3.271253e+00
14.176727    -2.427261e+00  -8.440413e-01  -3.271302e+00
14.296727    -2.427340e+00  -8.440102e-01  -3.271350e+00
14.416727    -2.427418e+00  -8.439780e-01  -3.271396e+00
14.536727    -2.427496e+00  -8.439448e-01  -3.271441e+00
14.656727    -2.427573e+00  -8.439104e-01  -3.271483e+00
14.776727    -2.427649e+00  -8.438750e-01  -3.271524e+00
14.896727    -2.427724e+00  -8.438388e-01  -3.271563e+00
15.016727    -2.427798e+00  -8.438021e-01  -3.271600e+00
15.136727    -2.427871e+00  -8.437651e-01  -3.271636e+00
15.256727    -2.427941e+00  -8.437282e-01  -3.271669e+00
15.376727    -2.428010e+00  -8.436917e-01  -3.271702e+00
15.496727    -2.428076e+00  -8.436560e-01  -3.271732e+00
15.616727    -2.428140e+00  -8.436215e-01  -3.271761e+00
15.736727    -2.428200e+00  -8.435883e-01  -3.271789e+00
15.856727    -2.428258e+00  -8.435568e-01  -3.271815e+00
15.976727    -2.428312e+00  -8.435271e-01  -3.271840e+00
16.096727    -2.428364e+00  -8.434996e-01  -3.271863e+00
16.216727    -2.428411e+00  -8.434742e-01  -3.271885e+00
16.336727    -2.428455e+00  -8.434511e-01  -3.271906e+00
16.456727    -2.428496e+00  -8.434305e-01  -3.271926e+00
16.576727    -2.428533e+00  -8.434121e-01  -3.271945e+00
16.696727    -2.428567e+00  -8.433961e-01  -3.271963e+00
16.816727    -2.428598e+00  -8.433823e-01  -3.271980e+00
16.936727    -2.428626e+00  -8.433706e-01  -3.271997e+00
17.056727    -2.428651e+00  -8.433609e-01  -3.272012e+00
17.176727    -2.428674e+00  -8.433530e-01  -3.272027e+00
17.296727    -2.428694e+00  -8.433469e-01  -3.272041e+00
17.416727    -2.428712e+00  -8.433422e-01  -3.272054e+00
17.536727    -2.428727e+00  -8.433388e-01  -3.272066e+00
17.656727    -2.428742e+00  -8.433365e-01  -3.272078e+00
17.776727    -2.428754e+00  -8.433352e-01  -3.272089e+00
17.896727    -2.428765e+00  -8.433347e-01  -3.272100e+00
18.016727    -2.428775e+00  -8.433348e-01  -3.272110e+00
18.136727    -2.428784e+00  -8.433354e-01  -3.272119e+00
18.256727    -2.428791e+00  -8.433364e-01  -3.272128e+00
18.376727    -2.428798e+00  -8.433377e-01  -3.272136e+00
18.496727    -2.428805e+00  -8.433392e-01  -3.272144e+00
18.616727    -2.428810e+00  -8.433408e-01  -3.272151e+00
18.736727    -2.428815e+00  -8.433424e-01  -3.272157e+00
18.856727    -2.428819e+00  -8.433441e-01  -3.272163e+00
18.976727    -2.428823e+00  -8.433458e-01  -3.272169e+00
19.096727    -2.428826e+00  -8.433475e-01  -3.272174e+00
19.216727    -2.428829e+00  -8.433492e-01  -3.272178e+00
19.336727    -2.428831e+00  -8.433508e-01  -3.272182e+00
19.456727    -2.428833e+00  -8.433525e-01  -3.272186e+00
19.576727    -2.428835e+00  -8.433543e-01  -3.272189e+00
19.696727    -2.428835e+00  -8.433561e-01  -3.272191e+00
19.816727    -2.428836e+00  -8.433580e-01  -3.272194e+00
19.936727    -2.428836e+00  -8.433600e-01  -3.272196e+00
20.056727    -2.428835e+00  -8.433622e-01  -3.272197e+00
20.176727    -2.428834e+00  -8.433646e-01  -3.272198e+00
20.296727    -2.428832e+00  -8.433672e-01  -3.272199e+00
20.416727    -2.428830e+00  -8.433700e-01  -3.272200e+00
20.536727    -2.428827e+00  -8.433730e-01  -3.272200e+00
20.656727    -2.428824e+00  -8.433761e-01  -3.272200e+00
20.776727    -2.428821e+00  -8.433794e-01  -3.272200e+00
20.896727    -2.428817e+00  -8.433827e-01  -3.272200e+00
21.016727    -2.428814e+00  -8.433861e-01  -3.272200e+00
21.136727    -2.428810e+00  -8.433895e-01  -3.272199e+00
21.256727    -2.428806e+00  -8.433929e-01  -3.272199e+00
21.376727    -2.428802e+00  -8.433963e-01  -3.272198e+00
21.496727    -2.428798e+00  -8.433996e-01  -3.272197e+00
21.616727    -2.428793e+00  -8.434029e-01  -3.272196e+00
21.736727    -2.428789e+00  -8.434061e-01  -3.272195e+00
21.856727    -2.428785e+00  -8.434093e-01  -3.272194e+00
21.976727    -2.428781e+00  -8.434124e-01  -3.272193e+00
22.096727    -2.428777e+00  -8.434154e-01  -3.272192e+00
22.216727    -2.428772e+00  -8.434185e-01  -3.272191e+00
22.336727    -2.428768e+00  -8.434215e-01  -3.272190e+00
22.456727    -2.428764e+00  -8.434246e-01  -3.272189e+00
22.576727    -2.428760e+00  -8.434276e-01  -3.272187e+00
22.696727    -2.428755e+00  -8.434307e-01  -3.272186e+00
22.816727    -2.428751e+00  -8.434339e-01  -3.272185e+00
22.936727    -2.428746e+00  -8.434371e-01  -3.272183e+00
23.056727    -2.428742e+00  -8.434403e-01  -3.272182e+00
23.176727    -2.428737e+00  -8.434437e-01  -3.272181e+00
23.296727    -2.428732e+00  -8.434471e-01  -3.272179e+00
23.416727    -2.428727e+00  -8.434506e-01  -3.272178e+00
23.536727    -2.428722e+00  -8.434542e-01  -3.272177e+00
23.656727    -2.428717e+00  -8.434579e-01  -3.272175e+00
23.776727    -2.428712e+00  -8.434617e-01  -3.272174e+00
23.896727    -2.428707e+00  -8.434656e-01  -3.272173e+00
24.016727    -2.428702e+00  -8.434696e-01  -3.272171e+00
24.136727    -2.428696e+00  -8.434736e-01  -3.272170e+00
24.256727    -2.428691e+00  -8.434778e-01  -3.272169e+00
24.376727    -2.428685e+00  -8.434820e-01  -3.272167e+00
24.496727    -2.428680e+00  -8.434863e-01  -3.272166e+00
24.616727    -2.428674e+00  -8.434906e-01  -3.272165e+00
24.736727    -2.428668e+00  -8.434950e-01  -3.272163e+00
24.856727    -2.428663e+00  -8.434994e-01  -3.272162e+00
24.976727    -2.428657e+00  -8.435039e-01  -3.272161e+00
25.096727    -2.428651e+00  -8.435085e-01  -3.272160e+00
25.216727    -2.428645e+00  -8.435130e-01  -3.272158e+00
25.336727    -2.428640e+00  -8.435176e-01  -3.272157e+00
25.456727    -2.428634e+00  -8.435223e-01  -3.272156e+00
25.576727    -2.428628e+00  -8.435269e-01  -3.272155e+00
25.696727    -2.428622e+00  -8.435316e-01  -3.272154e+00
25.816727    -2.428617e+00  -8.435363e-01  -3.272153e+00
25.936727    -2.428611e+00  -8.435411e-01  -3.272152e+00
