      0.000113    2.098774e+00
      0.000164    2.098774e+00
      0.000215    2.098774e+00
      0.000281    2.098774e+00
      0.000317    2.098774e+00
      0.000348    2.098774e+00
      0.000379    2.098774e+00
      0.000410    2.098774e+00
      0.000435    2.098774e+00
      0.000460    2.098774e+00
      0.000491    2.098774e+00
      0.000525    2.098774e+00
      0.000607    2.098774e+00
      0.000685    2.098774e+00
      0.000799    2.098774e+00
      0.000871    2.098775e+00
      0.000944    2.098775e+00
      0.001038    2.098775e+00
      0.001132    2.098775e+00
      0.001222    2.098775e+00
      0.001315    2.098774e+00
      0.001587    2.098774e+00
      0.001860    2.098775e+00
      0.002074    2.098774e+00
      0.002289    2.098775e+00
      0.002498    2.098774e+00
      0.002711    2.098774e+00
      0.002907    2.098774e+00
      0.003102    2.098774e+00
      0.003342    2.098774e+00
      0.003599    2.098774e+00
      0.003839    2.098774e+00
      0.004114    2.098774e+00
      0.004462    2.098774e+00
      0.004809    2.098774e+00
      0.005125    2.098774e+00
      0.005419    2.098774e+00
      0.005735    2.098774e+00
      0.006119    2.098773e+00
      0.006470    2.098773e+00
      0.006820    2.098773e+00
      0.007236    2.098773e+00
      0.007615    2.098772e+00
      0.008033    2.098772e+00
      0.008476    2.098772e+00
      0.008916    2.098771e+00
      0.009513    2.098771e+00
      0.010074    2.098770e+00
      0.010640    2.098770e+00
      0.011160    2.098770e+00
      0.011658    2.098769e+00
      0.012171    2.098769e+00
      0.012703    2.098769e+00
      0.013318    2.098768e+00
      0.013791    2.098768e+00
      0.014244    2.098768e+00
      0.014923    2.098767e+00
      0.015872    2.098767e+00
      0.016980    2.098766e+00
      0.017942    2.098766e+00
      0.018903    2.098765e+00
      0.020520    2.098764e+00
      0.022276    2.098763e+00
      0.023948    2.098762e+00
      0.027705    2.098761e+00
      0.030084    2.098759e+00
      0.032464    2.098758e+00
      0.034793    2.098757e+00
      0.036322    2.098756e+00
      0.037851    2.098755e+00
      0.039465    2.098754e+00
      0.041079    2.098753e+00
      0.043457    2.098752e+00
      0.046198    2.098750e+00
      0.048939    2.098749e+00
      0.052426    2.098747e+00
      0.055872    2.098745e+00
      0.058664    2.098744e+00
      0.061456    2.098742e+00
      0.065687    2.098740e+00
      0.067396    2.098739e+00
      0.069106    2.098738e+00
      0.070801    2.098737e+00
      0.072693    2.098737e+00
      0.074874    2.098735e+00
      0.076992    2.098734e+00
      0.079110    2.098733e+00
      0.081251    2.098732e+00
      0.083393    2.098731e+00
      0.085355    2.098730e+00
      0.087766    2.098729e+00
      0.090177    2.098727e+00
      0.092594    2.098726e+00
      0.094526    2.098725e+00
      0.096458    2.098724e+00
      0.098201    2.098723e+00
      0.100072    2.098722e+00
      0.101662    2.098721e+00
      0.103251    2.098720e+00
      0.104811    2.098720e+00
      0.106244    2.098719e+00
      0.107816    2.098718e+00
      0.109356    2.098717e+00
      0.110781    2.098717e+00
      0.112207    2.098716e+00
      0.113678    2.098715e+00
      0.115557    2.098715e+00
      0.117200    2.098714e+00
      0.118779    2.098713e+00
      0.120572    2.098712e+00
      0.122341    2.098712e+00
      0.124632    2.098711e+00
      0.127145    2.098710e+00
      0.129659    2.098709e+00
      0.132432    2.098707e+00
      0.135346    2.098706e+00
      0.138090    2.098705e+00
      0.140713    2.098704e+00
      0.143336    2.098702e+00
      0.146230    2.098701e+00
      0.149125    2.098700e+00
      0.153983    2.098697e+00
      0.158258    2.098695e+00
      0.162423    2.098694e+00
      0.167947    2.098692e+00
      0.176084    2.098689e+00
      0.187147    2.098686e+00
      0.193619    2.098684e+00
      0.200091    2.098682e+00
      0.208020    2.098679e+00
      0.213109    2.098677e+00
      0.218198    2.098675e+00
      0.222919    2.098673e+00
      0.227710    2.098672e+00
      0.232248    2.098670e+00
      0.236636    2.098669e+00
      0.241024    2.098667e+00
      0.245813    2.098665e+00
      0.251000    2.098663e+00
      0.254780    2.098662e+00
      0.258560    2.098661e+00
      0.262806    2.098659e+00
      0.267051    2.098657e+00
      0.272615    2.098655e+00
      0.278860    2.098653e+00
      0.286639    2.098649e+00
      0.293702    2.098646e+00
      0.300493    2.098642e+00
      0.306240    2.098638e+00
      0.311988    2.098635e+00
      0.317480    2.098631e+00
      0.322972    2.098626e+00
      0.328950    2.098621e+00
      0.336136    2.098614e+00
      0.343317    2.098607e+00
      0.350326    2.098599e+00
      0.357350    2.098591e+00
      0.365794    2.098579e+00
      0.374011    2.098567e+00
      0.381775    2.098554e+00
      0.389732    2.098539e+00
      0.396721    2.098525e+00
      0.403123    2.098510e+00
      0.409389    2.098495e+00
      0.415655    2.098479e+00
      0.422416    2.098460e+00
      0.428749    2.098442e+00
      0.435671    2.098419e+00
      0.444429    2.098389e+00
      0.451503    2.098363e+00
      0.458578    2.098334e+00
      0.465454    2.098305e+00
      0.473883    2.098266e+00
      0.481591    2.098228e+00
      0.491170    2.098178e+00
      0.503660    2.098105e+00
      0.517342    2.098017e+00
      0.529727    2.097928e+00
      0.545813    2.097800e+00
      0.561549    2.097660e+00
      0.577333    2.097505e+00
      0.592513    2.097340e+00
      0.606997    2.097169e+00
      0.620069    2.097002e+00
      0.635399    2.096791e+00
      0.650815    2.096562e+00
      0.668266    2.096282e+00
      0.681902    2.096047e+00
      0.693770    2.095830e+00
      0.704477    2.095625e+00
      0.717068    2.095372e+00
      0.728729    2.095126e+00
      0.739739    2.094883e+00
      0.750816    2.094628e+00
      0.761235    2.094379e+00
      0.771966    2.094112e+00
      0.781777    2.093859e+00
      0.792936    2.093561e+00
      0.801930    2.093313e+00
      0.809864    2.093087e+00
      0.817459    2.092866e+00
      0.827794    2.092556e+00
      0.840284    2.092169e+00
      0.851990    2.091793e+00
      0.864137    2.091388e+00
      0.877561    2.090925e+00
      0.890612    2.090459e+00
      0.912256    2.089649e+00
      0.940610    2.088520e+00
      0.969394    2.087295e+00
      0.982470    2.086712e+00
      0.995012    2.086137e+00
      1.006847    2.085581e+00
      1.019103    2.084991e+00
      1.030907    2.084409e+00
      1.044000    2.083747e+00
      1.061963    2.082814e+00
      1.079867    2.081852e+00
      1.093943    2.081076e+00
      1.107620    2.080303e+00
      1.123685    2.079374e+00
      1.140165    2.078396e+00
      1.154381    2.077532e+00
      1.168597    2.076650e+00
      1.184903    2.075617e+00
      1.202562    2.074471e+00
      1.220221    2.073299e+00
      1.237683    2.072113e+00
      1.259166    2.070619e+00
      1.280755    2.069080e+00
      1.304429    2.067349e+00
      1.339517    2.064704e+00
      1.376427    2.061823e+00
      1.403413    2.059656e+00
      1.430399    2.057439e+00
      1.453924    2.055468e+00
      1.477449    2.053462e+00
      1.502176    2.051319e+00
      1.529370    2.048921e+00
      1.565426    2.045681e+00
      1.600544    2.042462e+00
      1.632976    2.039439e+00
      1.664361    2.036471e+00
      1.696216    2.033420e+00
      1.724745    2.030657e+00
      1.753274    2.027869e+00
      1.788190    2.024425e+00
      1.823106    2.020951e+00
      1.861995    2.017052e+00
      1.897425    2.013478e+00
      1.935010    2.009670e+00
      1.975010    2.005605e+00
      2.015010    2.001533e+00
      2.055010    1.997461e+00
      2.089174    1.993988e+00
      2.121486    1.990712e+00
      2.151118    1.987717e+00
      2.185435    1.984264e+00
      2.222729    1.980534e+00
      2.252102    1.977615e+00
      2.280662    1.974795e+00
      2.309228    1.971994e+00
      2.341089    1.968896e+00
      2.366041    1.966490e+00
      2.389132    1.964281e+00
      2.412519    1.962061e+00
      2.449162    1.958620e+00
      2.483083    1.955478e+00
      2.509810    1.953033e+00
      2.533925    1.950850e+00
      2.555930    1.948879e+00
      2.577160    1.946996e+00
      2.597347    1.945223e+00
      2.617533    1.943468e+00
      2.638145    1.941694e+00
      2.656986    1.940088e+00
      2.681737    1.938003e+00
      2.707335    1.935876e+00
      2.747335    1.932612e+00
      2.787335    1.929422e+00
      2.825772    1.926427e+00
      2.861970    1.923671e+00
      2.895546    1.921170e+00
      2.935546    1.918262e+00
      2.975546    1.915429e+00
      3.015546    1.912673e+00
      3.049681    1.910381e+00
      3.083816    1.908144e+00
      3.123816    1.905592e+00
      3.163816    1.903115e+00
      3.201414    1.900852e+00
      3.237205    1.898757e+00
      3.277205    1.896482e+00
      3.311747    1.894573e+00
      3.338145    1.893147e+00
      3.362503    1.891858e+00
      3.392613    1.890296e+00
      3.420756    1.888869e+00
      3.460756    1.886893e+00
      3.500756    1.884977e+00
      3.540756    1.883118e+00
      3.580756    1.881313e+00
      3.620756    1.879561e+00
      3.658557    1.877950e+00
      3.698557    1.876292e+00
      3.738557    1.874677e+00
      3.778557    1.873105e+00
      3.818557    1.871572e+00
      3.858557    1.870074e+00
      3.898557    1.868611e+00
      3.935258    1.867295e+00
      3.964817    1.866253e+00
      3.994376    1.865225e+00
      4.025316    1.864164e+00
      4.062869    1.862893e+00
      4.102869    1.861560e+00
      4.142249    1.860264e+00
      4.180025    1.859034e+00
      4.220025    1.857744e+00
      4.255733    1.856602e+00
      4.291442    1.855467e+00
      4.328707    1.854287e+00
      4.362853    1.853210e+00
      4.399586    1.852053e+00
      4.433981    1.850971e+00
      4.471451    1.849792e+00
      4.511451    1.848531e+00
      4.551451    1.847266e+00
      4.590727    1.846021e+00
      4.630727    1.844746e+00
      4.670727    1.843464e+00
      4.710727    1.842174e+00
      4.750727    1.840876e+00
      4.790727    1.839568e+00
      4.830727    1.838251e+00
      4.870727    1.836923e+00
      4.910727    1.835585e+00
      4.945967    1.834397e+00
      4.981208    1.833201e+00
      5.016258    1.832004e+00
      5.047704    1.830923e+00
      5.079151    1.829836e+00
      5.108804    1.828805e+00
      5.139087    1.827746e+00
      5.171627    1.826602e+00
      5.211627    1.825189e+00
      5.245798    1.823974e+00
      5.279969    1.822753e+00
      5.316666    1.821436e+00
      5.355214    1.820047e+00
      5.391276    1.818741e+00
      5.431122    1.817293e+00
      5.471122    1.815834e+00
      5.511122    1.814372e+00
      5.551122    1.812907e+00
      5.591122    1.811439e+00
      5.631122    1.809970e+00
      5.670911    1.808509e+00
      5.710911    1.807041e+00
      5.750911    1.805574e+00
      5.790911    1.804111e+00
      5.830911    1.802653e+00
      5.866700    1.801352e+00
      5.902490    1.800057e+00
      5.942490    1.798616e+00
      5.982490    1.797184e+00
      6.022490    1.795761e+00
      6.061809    1.794374e+00
      6.101809    1.792974e+00
      6.139176    1.791678e+00
      6.174876    1.790452e+00
      6.204666    1.789437e+00
      6.230613    1.788560e+00
      6.256559    1.787689e+00
      6.290986    1.786546e+00
      6.324962    1.785430e+00
      6.362957    1.784197e+00
      6.402957    1.782917e+00
      6.442354    1.781675e+00
      6.482354    1.780435e+00
      6.522354    1.779215e+00
      6.562354    1.778016e+00
      6.602354    1.776838e+00
      6.642354    1.775684e+00
      6.682354    1.774551e+00
      6.722354    1.773441e+00
      6.762354    1.772355e+00
      6.802354    1.771292e+00
      6.842354    1.770253e+00
      6.882354    1.769237e+00
      6.922354    1.768245e+00
      6.962354    1.767277e+00
      7.002354    1.766332e+00
      7.041998    1.765419e+00
      7.081998    1.764522e+00
      7.121998    1.763648e+00
      7.161998    1.762797e+00
      7.200393    1.762001e+00
      7.240393    1.761194e+00
      7.274454    1.760525e+00
      7.308515    1.759871e+00
      7.347408    1.759143e+00
      7.387408    1.758416e+00
      7.427408    1.757708e+00
      7.465906    1.757046e+00
      7.505906    1.756377e+00
      7.545906    1.755726e+00
      7.585906    1.755094e+00
      7.625906    1.754479e+00
      7.665906    1.753880e+00
      7.700154    1.753381e+00
      7.734402    1.752893e+00
      7.774402    1.752337e+00
      7.814402    1.751795e+00
      7.852740    1.751288e+00
      7.892740    1.750772e+00
      7.932740    1.750269e+00
      7.972740    1.749777e+00
      8.012740    1.749296e+00
      8.052740    1.748825e+00
      8.089761    1.748398e+00
      8.129761    1.747946e+00
      8.169761    1.747501e+00
      8.209761    1.747064e+00
      8.249761    1.746635e+00
      8.289761    1.746212e+00
      8.329761    1.745795e+00
      8.369761    1.745383e+00
      8.409761    1.744977e+00
      8.449761    1.744575e+00
      8.489761    1.744177e+00
      8.529761    1.743783e+00
      8.569761    1.743392e+00
      8.609761    1.743004e+00
      8.649761    1.742619e+00
      8.689761    1.742236e+00
      8.729761    1.741855e+00
      8.769761    1.741476e+00
      8.809761    1.741099e+00
      8.849761    1.740722e+00
      8.889761    1.740348e+00
      8.929761    1.739975e+00
      8.969761    1.739602e+00
      9.009761    1.739231e+00
      9.049761    1.738861e+00
      9.089761    1.738492e+00
      9.129761    1.738123e+00
      9.168108    1.737771e+00
      9.208108    1.737405e+00
      9.248108    1.737040e+00
      9.288108    1.736676e+00
      9.328108    1.736314e+00
      9.368108    1.735953e+00
      9.408108    1.735593e+00
      9.448108    1.735235e+00
      9.488108    1.734879e+00
      9.526792    1.734536e+00
      9.566792    1.734183e+00
      9.605230    1.733846e+00
      9.644953    1.733500e+00
      9.684953    1.733154e+00
      9.724953    1.732810e+00
      9.764780    1.732470e+00
      9.804780    1.732132e+00
      9.844780    1.731796e+00
      9.884780    1.731463e+00
      9.924780    1.731133e+00
      9.964780    1.730806e+00
      10.004780    1.730483e+00
      10.044780    1.730163e+00
      10.084780    1.729846e+00
      10.124780    1.729532e+00
      10.164780    1.729223e+00
      10.204780    1.728916e+00
      10.244780    1.728614e+00
      10.284780    1.728315e+00
      10.324780    1.728020e+00
      10.361667    1.727751e+00
      10.401667    1.727464e+00
      10.441667    1.727179e+00
      10.481667    1.726900e+00
      10.521667    1.726623e+00
      10.561667    1.726351e+00
      10.601667    1.726083e+00
      10.641667    1.725819e+00
      10.681667    1.725558e+00
      10.721667    1.725302e+00
      10.761667    1.725049e+00
      10.801667    1.724800e+00
      10.841667    1.724555e+00
      10.881667    1.724314e+00
      10.921667    1.724077e+00
      10.961667    1.723843e+00
      11.001667    1.723614e+00
      11.041667    1.723387e+00
      11.081667    1.723165e+00
      11.121667    1.722947e+00
      11.161667    1.722731e+00
      11.201667    1.722520e+00
      11.241667    1.722312e+00
      11.281667    1.722108e+00
      11.321667    1.721906e+00
      11.361667    1.721709e+00
      11.401667    1.721514e+00
      11.451667    1.721276e+00
      11.501667    1.721043e+00
      11.551667    1.720815e+00
      11.601667    1.720592e+00
      11.651667    1.720374e+00
      11.701667    1.720161e+00
      11.751667    1.719953e+00
      11.801667    1.719750e+00
      11.851667    1.719551e+00
      11.901667    1.719357e+00
      11.951667    1.719168e+00
      12.001667    1.718983e+00
      12.051667    1.718803e+00
      12.101667    1.718627e+00
      12.151667    1.718455e+00
      12.201667    1.718288e+00
      12.251667    1.718125e+00
      12.301667    1.717965e+00
      12.351667    1.717810e+00
      12.401667    1.717659e+00
      12.451667    1.717511e+00
      12.501667    1.717367e+00
      12.551667    1.717227e+00
      12.601667    1.717090e+00
      12.651667    1.716956e+00
      12.701667    1.716826e+00
      12.751667    1.716699e+00
      12.801667    1.716575e+00
      12.847557    1.716464e+00
      12.897557    1.716345e+00
      12.947557    1.716229e+00
      12.997557    1.716116e+00
      13.047557    1.716006e+00
      13.097557    1.715898e+00
      13.147557    1.715792e+00
      13.197557    1.715688e+00
      13.247557    1.715587e+00
      13.297557    1.715488e+00
      13.347557    1.715391e+00
      13.397557    1.715296e+00
      13.447557    1.715203e+00
      13.497557    1.715111e+00
      13.547557    1.715022e+00
      13.597557    1.714934e+00
      13.647557    1.714848e+00
      13.697557    1.714764e+00
      13.747557    1.714681e+00
      13.797557    1.714600e+00
      13.847557    1.714520e+00
      13.897557    1.714442e+00
      13.947557    1.714366e+00
      13.997557    1.714290e+00
      14.047557    1.714217e+00
      14.097557    1.714145e+00
      14.147557    1.714074e+00
      14.197557    1.714005e+00
      14.247557    1.713937e+00
      14.297557    1.713870e+00
      14.347557    1.713805e+00
      14.397557    1.713741e+00
      14.447557    1.713678e+00
      14.497557    1.713618e+00
      14.543694    1.713562e+00
      14.593694    1.713503e+00
      14.642922    1.713447e+00
      14.689453    1.713395e+00
      14.739453    1.713339e+00
      14.789453    1.713286e+00
      14.839453    1.713233e+00
      14.889453    1.713181e+00
      14.939453    1.713131e+00
      14.989453    1.713081e+00
      15.039453    1.713033e+00
      15.089453    1.712986e+00
      15.139453    1.712939e+00
      15.189453    1.712894e+00
      15.239453    1.712850e+00
      15.289453    1.712807e+00
      15.339453    1.712764e+00
      15.389453    1.712723e+00
      15.439453    1.712682e+00
      15.489453    1.712642e+00
      15.539453    1.712603e+00
      15.589453    1.712565e+00
      15.639453    1.712527e+00
      15.689453    1.712490e+00
      15.739453    1.712453e+00
      15.789453    1.712417e+00
      15.839453    1.712382e+00
      15.889453    1.712347e+00
      15.939453    1.712313e+00
      15.989453    1.712280e+00
      16.039453    1.712247e+00
      16.089453    1.712214e+00
      16.139453    1.712182e+00
      16.189453    1.712151e+00
      16.239453    1.712120e+00
      16.289453    1.712089e+00
      16.339453    1.712059e+00
      16.387690    1.712030e+00
      16.436771    1.712001e+00
      16.486771    1.711972e+00
      16.536771    1.711944e+00
      16.586771    1.711916e+00
      16.636771    1.711888e+00
      16.686771    1.711861e+00
      16.736771    1.711835e+00
      16.786771    1.711809e+00
      16.836771    1.711784e+00
      16.886771    1.711759e+00
      16.936771    1.711734e+00
      16.986771    1.711711e+00
      17.036771    1.711688e+00
      17.086771    1.711665e+00
      17.136771    1.711643e+00
      17.186771    1.711622e+00
      17.236771    1.711602e+00
      17.286771    1.711582e+00
      17.336771    1.711563e+00
      17.386771    1.711545e+00
      17.436771    1.711527e+00
      17.486771    1.711511e+00
      17.536771    1.711495e+00
      17.586771    1.711480e+00
      17.636771    1.711465e+00
      17.686771    1.711452e+00
      17.736771    1.711439e+00
      17.786771    1.711428e+00
      17.836771    1.711417e+00
      17.886771    1.711407e+00
      17.936771    1.711398e+00
      17.986771    1.711389e+00
      18.036771    1.711382e+00
      18.086771    1.711376e+00
      18.136771    1.711370e+00
      18.186771    1.711366e+00
      18.236771    1.711362e+00
      18.286771    1.711359e+00
      18.336771    1.711357e+00
      18.386771    1.711357e+00
      18.436771    1.711357e+00
      18.486771    1.711358e+00
      18.536771    1.711359e+00
      18.586771    1.711362e+00
      18.636771    1.711366e+00
      18.686771    1.711371e+00
      18.736771    1.711376e+00
      18.786771    1.711383e+00
      18.836771    1.711390e+00
      18.886771    1.711398e+00
      18.936771    1.711407e+00
      18.986771    1.711417e+00
      19.036771    1.711428e+00
      19.086771    1.711439e+00
      19.136771    1.711452e+00
      19.186771    1.711465e+00
      19.236771    1.711479e+00
      19.286771    1.711493e+00
      19.335564    1.711508e+00
      19.385564    1.711524e+00
      19.435564    1.711541e+00
      19.485564    1.711558e+00
      19.535564    1.711576e+00
      19.585564    1.711594e+00
      19.635564    1.711613e+00
      19.685564    1.711632e+00
      19.735564    1.711653e+00
      19.785564    1.711673e+00
      19.835564    1.711694e+00
      19.885564    1.711715e+00
      19.935564    1.711736e+00
      19.985564    1.711758e+00
      20.035564    1.711780e+00
      20.085564    1.711803e+00
      20.135564    1.711825e+00
      20.185564    1.711848e+00
      20.235564    1.711871e+00
      20.285564    1.711894e+00
      20.335564    1.711917e+00
      20.385564    1.711940e+00
      20.435564    1.711963e+00
      20.485564    1.711986e+00
      20.535564    1.712010e+00
      20.585564    1.712032e+00
      20.635564    1.712055e+00
      20.685564    1.712078e+00
      20.735564    1.712100e+00
      20.785564    1.712122e+00
      20.835564    1.712145e+00
      20.885564    1.712166e+00
      20.935564    1.712187e+00
      20.985564    1.712208e+00
      21.035564    1.712229e+00
      21.085564    1.712249e+00
      21.135564    1.712269e+00
      21.185564    1.712288e+00
      21.235564    1.712307e+00
      21.285564    1.712325e+00
      21.335564    1.712343e+00
      21.385564    1.712361e+00
      21.435564    1.712378e+00
      21.485564    1.712394e+00
      21.535564    1.712410e+00
      21.585564    1.712425e+00
      21.635564    1.712439e+00
      21.685564    1.712454e+00
      21.735564    1.712467e+00
      21.785564    1.712480e+00
      21.835564    1.712492e+00
      21.885564    1.712504e+00
      21.935564    1.712515e+00
      21.985564    1.712526e+00
      22.035564    1.712535e+00
      22.085564    1.712545e+00
      22.135564    1.712553e+00
      22.185564    1.712561e+00
      22.235564    1.712569e+00
      22.285564    1.712576e+00
      22.335564    1.712582e+00
      22.385564    1.712588e+00
      22.435564    1.712593e+00
      22.485564    1.712598e+00
      22.535564    1.712602e+00
      22.585564    1.712606e+00
      22.635564    1.712609e+00
      22.685564    1.712612e+00
      22.735564    1.712614e+00
      22.785564    1.712615e+00
      22.835564    1.712617e+00
      22.885564    1.712618e+00
      22.935564    1.712618e+00
      22.985564    1.712618e+00
      23.035564    1.712617e+00
      23.085564    1.712617e+00
      23.135564    1.712615e+00
      23.185564    1.712614e+00
      23.235564    1.712612e+00
      23.285564    1.712609e+00
      23.335564    1.712607e+00
      23.385564    1.712604e+00
      23.435564    1.712601e+00
      23.485564    1.712597e+00
      23.535564    1.712593e+00
      23.585564    1.712589e+00
      23.635564    1.712585e+00
      23.685564    1.712580e+00
      23.735564    1.712575e+00
      23.785564    1.712570e+00
      23.835564    1.712565e+00
      23.885564    1.712559e+00
      23.935564    1.712554e+00
      23.985564    1.712547e+00
      24.035564    1.712541e+00
      24.085564    1.712535e+00
      24.135564    1.712528e+00
      24.185564    1.712522e+00
      24.235564    1.712515e+00
      24.285564    1.712508e+00
      24.335564    1.712501e+00
      24.385564    1.712494e+00
      24.435564    1.712487e+00
      24.485564    1.712479e+00
      24.535564    1.712472e+00
      24.585564    1.712464e+00
      24.635564    1.712456e+00
      24.685564    1.712449e+00
      24.735564    1.712441e+00
      24.785564    1.712433e+00
      24.835564    1.712425e+00
      24.885564    1.712417e+00
      24.935564    1.712409e+00
      24.985564    1.712401e+00
      25.035564    1.712393e+00
      25.085564    1.712385e+00
      25.135564    1.712377e+00
      25.185564    1.712368e+00
      25.235564    1.712361e+00
      25.285564    1.712353e+00
      25.335564    1.712345e+00
      25.385564    1.712337e+00
      25.435564    1.712329e+00
      25.485564    1.712322e+00
      25.535564    1.712314e+00
      25.585564    1.712306e+00
      25.635564    1.712299e+00
      25.685564    1.712291e+00
      25.735564    1.712284e+00
      25.785564    1.712277e+00
      25.835564    1.712270e+00
      25.885564    1.712263e+00
      25.935564    1.712257e+00
      25.985564    1.712250e+00
      26.035564    1.712244e+00
      26.085564    1.712238e+00
      26.135564    1.712232e+00
      26.185564    1.712227e+00
      26.235564    1.712221e+00
      26.285564    1.712216e+00
      26.335564    1.712211e+00
      26.385564    1.712207e+00
      26.435564    1.712203e+00
      26.485564    1.712199e+00
      26.535564    1.712195e+00
      26.585564    1.712192e+00
      26.635564    1.712188e+00
      26.685564    1.712186e+00
      26.735564    1.712183e+00
      26.785564    1.712182e+00
      26.835564    1.712180e+00
      26.885564    1.712179e+00
      26.935564    1.712178e+00
      26.985564    1.712177e+00
      27.035564    1.712177e+00
      27.085564    1.712177e+00
      27.135564    1.712178e+00
      27.185564    1.712179e+00
      27.235564    1.712180e+00
      27.285564    1.712182e+00
      27.335564    1.712184e+00
      27.385564    1.712187e+00
      27.435564    1.712189e+00
      27.485564    1.712193e+00
      27.535564    1.712196e+00
      27.585564    1.712201e+00
      27.635564    1.712205e+00
      27.685564    1.712210e+00
      27.735564    1.712216e+00
      27.785564    1.712221e+00
      27.835564    1.712227e+00
      27.885564    1.712234e+00
      27.935564    1.712240e+00
      27.985564    1.712248e+00
      28.035564    1.712255e+00
      28.085564    1.712263e+00
      28.135564    1.712272e+00
      28.185564    1.712281e+00
      28.235564    1.712290e+00
      28.285564    1.712299e+00
      28.335564    1.712310e+00
      28.385564    1.712320e+00
      28.435564    1.712330e+00
      28.485564    1.712341e+00
      28.535564    1.712353e+00
      28.585564    1.712364e+00
      28.635564    1.712376e+00
      28.685564    1.712388e+00
      28.735564    1.712401e+00
      28.785564    1.712414e+00
      28.835564    1.712427e+00
      28.885564    1.712441e+00
      28.935564    1.712455e+00
      28.985564    1.712469e+00
      29.035564    1.712483e+00
      29.085564    1.712498e+00
      29.135564    1.712513e+00
      29.185564    1.712528e+00
      29.235564    1.712543e+00
      29.285564    1.712559e+00
      29.335564    1.712574e+00
      29.385564    1.712590e+00
      29.435564    1.712606e+00
      29.485564    1.712622e+00
      29.535564    1.712639e+00
      29.585564    1.712655e+00
      29.635564    1.712672e+00
      29.685564    1.712688e+00
      29.735564    1.712705e+00
      29.785564    1.712722e+00
      29.835564    1.712738e+00
      29.885564    1.712755e+00
      29.935564    1.712772e+00
      29.985564    1.712789e+00
      30.000000    1.712794e+00
