      0.000253    2.117290e+00
      0.000507    2.117290e+00
      0.000747    2.117290e+00
      0.000979    2.117290e+00
      0.001216    2.117290e+00
      0.001426    2.117290e+00
      0.001596    2.117290e+00
      0.001767    2.117290e+00
      0.001979    2.117290e+00
      0.002173    2.117290e+00
      0.002418    2.117289e+00
      0.002754    2.117289e+00
      0.003184    2.117290e+00
      0.003683    2.117290e+00
      0.004332    2.117290e+00
      0.004898    2.117290e+00
      0.005463    2.117290e+00
      0.006135    2.117290e+00
      0.006877    2.117290e+00
      0.007580    2.117290e+00
      0.008395    2.117290e+00
      0.009251    2.117290e+00
      0.010888    2.117291e+00
      0.012393    2.117290e+00
      0.013898    2.117290e+00
      0.015363    2.117290e+00
      0.016656    2.117290e+00
      0.017655    2.117290e+00
      0.018653    2.117290e+00
      0.019557    2.117290e+00
      0.020474    2.117289e+00
      0.021373    2.117289e+00
      0.022589    2.117289e+00
      0.023781    2.117289e+00
      0.025037    2.117289e+00
      0.026292    2.117289e+00
      0.027484    2.117289e+00
      0.028662    2.117289e+00
      0.030021    2.117289e+00
      0.031611    2.117290e+00
      0.033394    2.117290e+00
      0.035142    2.117290e+00
      0.036512    2.117290e+00
      0.037872    2.117291e+00
      0.039199    2.117291e+00
      0.040666    2.117291e+00
      0.042191    2.117291e+00
      0.043753    2.117291e+00
      0.045314    2.117291e+00
      0.046927    2.117290e+00
      0.048598    2.117290e+00
      0.050324    2.117290e+00
      0.051981    2.117290e+00
      0.053518    2.117289e+00
      0.055024    2.117289e+00
      0.056773    2.117288e+00
      0.058937    2.117288e+00
      0.061659    2.117287e+00
      0.064381    2.117286e+00
      0.067211    2.117286e+00
      0.071630    2.117285e+00
      0.075681    2.117284e+00
      0.078780    2.117283e+00
      0.081879    2.117282e+00
      0.084112    2.117282e+00
      0.086345    2.117281e+00
      0.088805    2.117281e+00
      0.091345    2.117280e+00
      0.093733    2.117280e+00
      0.095882    2.117280e+00
      0.098032    2.117279e+00
      0.100397    2.117279e+00
      0.102505    2.117278e+00
      0.104520    2.117278e+00
      0.106464    2.117278e+00
      0.109589    2.117277e+00
      0.111543    2.117277e+00
      0.113497    2.117276e+00
      0.115466    2.117276e+00
      0.118363    2.117276e+00
      0.121260    2.117275e+00
      0.125631    2.117274e+00
      0.130002    2.117274e+00
      0.134582    2.117273e+00
      0.138895    2.117273e+00
      0.145817    2.117272e+00
      0.150546    2.117271e+00
      0.155276    2.117270e+00
      0.160632    2.117270e+00
      0.165020    2.117269e+00
      0.169161    2.117268e+00
      0.174234    2.117268e+00
      0.178835    2.117267e+00
      0.182857    2.117267e+00
      0.186821    2.117266e+00
      0.191045    2.117266e+00
      0.196894    2.117265e+00
      0.201640    2.117264e+00
      0.206217    2.117264e+00
      0.210615    2.117263e+00
      0.214102    2.117262e+00
      0.217346    2.117262e+00
      0.221740    2.117261e+00
      0.225643    2.117260e+00
      0.229315    2.117259e+00
      0.233373    2.117258e+00
      0.236994    2.117257e+00
      0.240614    2.117256e+00
      0.244008    2.117255e+00
      0.247287    2.117253e+00
      0.250775    2.117252e+00
      0.255507    2.117250e+00
      0.261482    2.117248e+00
      0.268834    2.117244e+00
      0.276794    2.117239e+00
      0.283400    2.117234e+00
      0.289877    2.117229e+00
      0.297613    2.117223e+00
      0.303268    2.117217e+00
      0.308546    2.117211e+00
      0.313468    2.117205e+00
      0.318965    2.117198e+00
      0.323529    2.117192e+00
      0.328045    2.117185e+00
      0.332434    2.117178e+00
      0.337393    2.117170e+00
      0.343739    2.117159e+00
      0.353739    2.117139e+00
      0.363182    2.117118e+00
      0.369738    2.117102e+00
      0.375922    2.117085e+00
      0.381524    2.117070e+00
      0.390108    2.117043e+00
      0.400108    2.117010e+00
      0.407001    2.116985e+00
      0.413893    2.116958e+00
      0.421141    2.116927e+00
      0.429316    2.116891e+00
      0.437427    2.116851e+00
      0.444047    2.116817e+00
      0.450234    2.116783e+00
      0.457796    2.116739e+00
      0.465897    2.116688e+00
      0.473923    2.116635e+00
      0.481966    2.116578e+00
      0.487867    2.116533e+00
      0.493744    2.116487e+00
      0.500571    2.116431e+00
      0.508170    2.116365e+00
      0.514931    2.116304e+00
      0.520408    2.116251e+00
      0.525289    2.116203e+00
      0.530169    2.116153e+00
      0.535388    2.116099e+00
      0.539757    2.116051e+00
      0.544127    2.116002e+00
      0.549046    2.115946e+00
      0.554083    2.115886e+00
      0.561280    2.115797e+00
      0.568478    2.115705e+00
      0.577171    2.115589e+00
      0.587171    2.115447e+00
      0.595258    2.115327e+00
      0.603344    2.115202e+00
      0.610891    2.115080e+00
      0.618057    2.114961e+00
      0.628057    2.114787e+00
      0.637379    2.114617e+00
      0.645596    2.114461e+00
      0.653813    2.114299e+00
      0.662673    2.114117e+00
      0.671533    2.113929e+00
      0.681533    2.113708e+00
      0.691533    2.113478e+00
      0.701474    2.113239e+00
      0.711474    2.112990e+00
      0.719835    2.112775e+00
      0.728197    2.112552e+00
      0.738197    2.112277e+00
      0.746702    2.112035e+00
      0.755208    2.111786e+00
      0.763006    2.111551e+00
      0.772316    2.111262e+00
      0.780940    2.110987e+00
      0.789295    2.110712e+00
      0.799295    2.110374e+00
      0.808887    2.110039e+00
      0.818561    2.109692e+00
      0.827776    2.109352e+00
      0.837776    2.108972e+00
      0.847776    2.108581e+00
      0.857776    2.108178e+00
      0.867776    2.107765e+00
      0.877776    2.107341e+00
      0.887718    2.106908e+00
      0.897718    2.106461e+00
      0.907718    2.106003e+00
      0.916174    2.105606e+00
      0.924629    2.105202e+00
      0.933535    2.104767e+00
      0.943535    2.104268e+00
      0.951571    2.103859e+00
      0.959606    2.103442e+00
      0.969606    2.102913e+00
      0.978606    2.102428e+00
      0.987605    2.101933e+00
      0.997605    2.101372e+00
      1.007605    2.100800e+00
      1.017605    2.100217e+00
      1.027605    2.099623e+00
      1.037605    2.099017e+00
      1.047605    2.098400e+00
      1.057605    2.097772e+00
      1.067605    2.097133e+00
      1.077387    2.096497e+00
      1.087387    2.095836e+00
      1.097387    2.095165e+00
      1.106344    2.094554e+00
      1.115301    2.093935e+00
      1.124749    2.093272e+00
      1.134749    2.092561e+00
      1.144749    2.091838e+00
      1.154510    2.091124e+00
      1.164510    2.090381e+00
      1.174510    2.089628e+00
      1.184510    2.088864e+00
      1.194510    2.088091e+00
      1.204510    2.087308e+00
      1.214510    2.086515e+00
      1.224510    2.085711e+00
      1.234510    2.084898e+00
      1.243881    2.084128e+00
      1.253881    2.083296e+00
      1.263881    2.082455e+00
      1.273881    2.081605e+00
      1.282970    2.080824e+00
      1.292970    2.079957e+00
      1.302970    2.079080e+00
      1.312373    2.078247e+00
      1.322373    2.077353e+00
      1.332373    2.076451e+00
      1.342373    2.075540e+00
      1.352373    2.074620e+00
      1.362302    2.073699e+00
      1.372302    2.072763e+00
      1.382302    2.071820e+00
      1.392302    2.070868e+00
      1.402153    2.069923e+00
      1.412153    2.068957e+00
      1.421564    2.068040e+00
      1.431564    2.067060e+00
      1.441564    2.066072e+00
      1.451564    2.065077e+00
      1.461564    2.064075e+00
      1.470512    2.063174e+00
      1.479460    2.062267e+00
      1.489460    2.061247e+00
      1.499460    2.060221e+00
      1.509207    2.059216e+00
      1.519207    2.058178e+00
      1.528504    2.057209e+00
      1.538504    2.056160e+00
      1.548504    2.055106e+00
      1.558504    2.054047e+00
      1.568504    2.052983e+00
      1.578504    2.051914e+00
      1.588504    2.050840e+00
      1.598504    2.049762e+00
      1.608504    2.048678e+00
      1.618504    2.047591e+00
      1.628504    2.046499e+00
      1.638504    2.045403e+00
      1.648504    2.044303e+00
      1.658504    2.043200e+00
      1.668504    2.042093e+00
      1.678504    2.040982e+00
      1.688504    2.039868e+00
      1.698504    2.038750e+00
      1.708504    2.037630e+00
      1.718504    2.036507e+00
      1.728504    2.035381e+00
      1.738504    2.034252e+00
      1.748504    2.033120e+00
      1.758504    2.031987e+00
      1.768504    2.030851e+00
      1.778504    2.029713e+00
      1.788504    2.028573e+00
      1.798504    2.027431e+00
      1.808504    2.026288e+00
      1.818504    2.025143e+00
      1.828504    2.023997e+00
      1.838504    2.022849e+00
      1.848504    2.021700e+00
      1.858504    2.020551e+00
      1.868504    2.019400e+00
      1.878504    2.018249e+00
      1.888504    2.017097e+00
      1.898504    2.015945e+00
      1.908504    2.014792e+00
      1.918504    2.013639e+00
      1.928504    2.012486e+00
      1.938504    2.011333e+00
      1.948504    2.010181e+00
      1.958324    2.009049e+00
      1.968324    2.007897e+00
      1.978324    2.006745e+00
      1.988324    2.005595e+00
      1.997466    2.004543e+00
      2.007466    2.003394e+00
      2.017466    2.002246e+00
      2.027466    2.001099e+00
      2.037466    1.999954e+00
      2.047466    1.998809e+00
      2.057466    1.997667e+00
      2.067466    1.996526e+00
      2.077466    1.995386e+00
      2.087466    1.994249e+00
      2.097466    1.993114e+00
      2.107466    1.991980e+00
      2.117466    1.990849e+00
      2.127466    1.989720e+00
      2.137466    1.988594e+00
      2.147412    1.987476e+00
      2.157412    1.986355e+00
      2.167412    1.985237e+00
      2.177412    1.984121e+00
      2.187412    1.983009e+00
      2.197412    1.981899e+00
      2.207412    1.980793e+00
      2.217412    1.979690e+00
      2.227412    1.978590e+00
      2.237412    1.977494e+00
      2.247412    1.976402e+00
      2.257412    1.975313e+00
      2.267412    1.974228e+00
      2.277412    1.973147e+00
      2.287412    1.972070e+00
      2.297412    1.970997e+00
      2.307412    1.969928e+00
      2.317412    1.968863e+00
      2.327412    1.967803e+00
      2.337412    1.966747e+00
      2.347412    1.965696e+00
      2.357412    1.964649e+00
      2.367412    1.963607e+00
      2.377412    1.962570e+00
      2.387412    1.961538e+00
      2.397412    1.960510e+00
      2.407412    1.959488e+00
      2.417412    1.958471e+00
      2.427412    1.957458e+00
      2.437412    1.956452e+00
      2.447412    1.955450e+00
      2.457412    1.954454e+00
      2.467412    1.953463e+00
      2.477412    1.952478e+00
      2.487412    1.951498e+00
      2.497412    1.950524e+00
      2.507412    1.949556e+00
      2.517412    1.948593e+00
      2.527412    1.947637e+00
      2.537412    1.946686e+00
      2.547412    1.945741e+00
      2.557412    1.944802e+00
      2.567412    1.943870e+00
      2.577412    1.942943e+00
      2.587412    1.942022e+00
      2.597412    1.941108e+00
      2.607412    1.940200e+00
      2.617412    1.939298e+00
      2.627412    1.938403e+00
      2.637412    1.937514e+00
      2.647412    1.936631e+00
      2.657266    1.935768e+00
      2.667266    1.934897e+00
      2.677266    1.934034e+00
      2.687266    1.933177e+00
      2.697266    1.932327e+00
      2.707266    1.931483e+00
      2.717266    1.930646e+00
      2.727266    1.929816e+00
      2.737266    1.928992e+00
      2.747266    1.928175e+00
      2.757266    1.927365e+00
      2.767266    1.926561e+00
      2.777266    1.925764e+00
      2.787266    1.924974e+00
      2.797266    1.924191e+00
      2.807266    1.923414e+00
      2.817266    1.922645e+00
      2.827266    1.921882e+00
      2.837266    1.921126e+00
      2.847266    1.920376e+00
      2.857266    1.919634e+00
      2.867266    1.918898e+00
      2.877266    1.918169e+00
      2.887266    1.917447e+00
      2.897266    1.916732e+00
      2.907266    1.916024e+00
      2.917266    1.915322e+00
      2.927266    1.914627e+00
      2.937266    1.913939e+00
      2.947266    1.913258e+00
      2.957266    1.912584e+00
      2.967266    1.911916e+00
      2.977266    1.911256e+00
      2.987266    1.910602e+00
      2.997266    1.909954e+00
      3.007266    1.909313e+00
      3.017266    1.908680e+00
      3.027266    1.908052e+00
      3.037266    1.907431e+00
      3.047266    1.906817e+00
      3.057266    1.906210e+00
      3.067266    1.905609e+00
      3.077266    1.905014e+00
      3.087266    1.904427e+00
      3.097266    1.903845e+00
      3.107266    1.903270e+00
      3.117266    1.902702e+00
      3.127266    1.902140e+00
      3.137266    1.901584e+00
      3.147266    1.901034e+00
      3.157266    1.900491e+00
      3.167266    1.899954e+00
      3.177266    1.899423e+00
      3.187266    1.898898e+00
      3.197266    1.898379e+00
      3.207266    1.897867e+00
      3.217177    1.897365e+00
      3.227177    1.896864e+00
      3.237177    1.896369e+00
      3.247177    1.895880e+00
      3.257177    1.895397e+00
      3.267177    1.894920e+00
      3.277177    1.894448e+00
      3.287177    1.893982e+00
      3.297177    1.893522e+00
      3.307177    1.893067e+00
      3.316439    1.892651e+00
      3.326240    1.892215e+00
      3.336240    1.891777e+00
      3.346240    1.891343e+00
      3.356240    1.890915e+00
      3.366240    1.890492e+00
      3.376240    1.890073e+00
      3.385524    1.889690e+00
      3.395118    1.889299e+00
      3.405118    1.888895e+00
      3.415118    1.888497e+00
      3.425118    1.888103e+00
      3.435118    1.887714e+00
      3.444678    1.887347e+00
      3.454678    1.886967e+00
      3.464678    1.886592e+00
      3.474678    1.886222e+00
      3.484678    1.885856e+00
      3.494678    1.885495e+00
      3.504678    1.885137e+00
      3.514678    1.884785e+00
      3.524678    1.884436e+00
      3.534678    1.884091e+00
      3.544678    1.883751e+00
      3.554678    1.883414e+00
      3.564678    1.883081e+00
      3.574678    1.882753e+00
      3.584678    1.882428e+00
      3.594678    1.882107e+00
      3.604678    1.881789e+00
      3.614678    1.881475e+00
      3.624678    1.881165e+00
      3.634678    1.880858e+00
      3.644678    1.880554e+00
      3.654678    1.880254e+00
      3.664678    1.879957e+00
      3.674678    1.879663e+00
      3.684678    1.879372e+00
      3.694678    1.879084e+00
      3.704678    1.878799e+00
      3.714678    1.878517e+00
      3.724678    1.878238e+00
      3.734469    1.877967e+00
      3.744366    1.877696e+00
      3.754366    1.877425e+00
      3.764366    1.877156e+00
      3.774366    1.876889e+00
      3.784366    1.876626e+00
      3.794366    1.876364e+00
      3.804198    1.876109e+00
      3.814198    1.875852e+00
      3.824198    1.875597e+00
      3.834198    1.875344e+00
      3.844198    1.875092e+00
      3.854198    1.874843e+00
      3.864058    1.874599e+00
      3.874058    1.874354e+00
      3.884058    1.874110e+00
      3.894058    1.873868e+00
      3.904058    1.873627e+00
      3.914058    1.873388e+00
      3.924058    1.873150e+00
      3.934058    1.872914e+00
      3.944058    1.872679e+00
      3.954058    1.872445e+00
      3.964058    1.872213e+00
      3.974058    1.871981e+00
      3.984058    1.871751e+00
      3.994058    1.871521e+00
      4.004058    1.871293e+00
      4.014058    1.871065e+00
      4.023794    1.870844e+00
      4.033794    1.870618e+00
      4.043794    1.870393e+00
      4.053794    1.870168e+00
      4.063794    1.869944e+00
      4.073794    1.869720e+00
      4.083794    1.869497e+00
      4.093794    1.869275e+00
      4.103794    1.869052e+00
      4.113794    1.868830e+00
      4.123794    1.868608e+00
      4.133794    1.868386e+00
      4.143794    1.868165e+00
      4.153794    1.867943e+00
      4.163794    1.867722e+00
      4.173794    1.867500e+00
      4.183794    1.867278e+00
      4.193794    1.867057e+00
      4.203794    1.866835e+00
      4.213794    1.866612e+00
      4.223794    1.866390e+00
      4.233794    1.866167e+00
      4.243794    1.865944e+00
      4.253794    1.865720e+00
      4.263794    1.865496e+00
      4.273794    1.865272e+00
      4.283794    1.865047e+00
      4.293794    1.864821e+00
      4.303794    1.864595e+00
      4.313794    1.864367e+00
      4.331492    1.863964e+00
      4.349190    1.863557e+00
      4.368473    1.863112e+00
      4.388473    1.862646e+00
      4.408473    1.862176e+00
      4.428473    1.861701e+00
      4.447069    1.861256e+00
      4.467043    1.860774e+00
      4.487043    1.860285e+00
      4.505381    1.859833e+00
      4.523491    1.859382e+00
      4.543491    1.858878e+00
      4.561744    1.858413e+00
      4.581744    1.857898e+00
      4.600900    1.857399e+00
      4.620900    1.856872e+00
      4.640258    1.856356e+00
      4.660009    1.855823e+00
      4.680009    1.855277e+00
      4.700009    1.854724e+00
      4.719269    1.854185e+00
      4.739269    1.853619e+00
      4.759269    1.853046e+00
      4.778895    1.852477e+00
      4.795403    1.851993e+00
      4.811911    1.851504e+00
      4.831911    1.850906e+00
      4.851911    1.850300e+00
      4.871911    1.849688e+00
      4.891911    1.849069e+00
      4.911911    1.848442e+00
      4.931911    1.847809e+00
      4.951911    1.847169e+00
      4.971911    1.846522e+00
      4.989735    1.845940e+00
      5.007558    1.845352e+00
      5.027558    1.844686e+00
      5.047558    1.844014e+00
      5.067558    1.843336e+00
      5.087558    1.842651e+00
      5.107166    1.841973e+00
      5.126147    1.841311e+00
      5.144790    1.840656e+00
      5.164790    1.839948e+00
      5.184790    1.839233e+00
      5.204790    1.838513e+00
      5.224790    1.837788e+00
      5.244790    1.837057e+00
      5.264790    1.836321e+00
      5.284790    1.835579e+00
      5.304790    1.834833e+00
      5.324790    1.834082e+00
      5.344317    1.833345e+00
      5.364317    1.832585e+00
      5.384317    1.831821e+00
      5.404317    1.831053e+00
      5.424317    1.830281e+00
      5.444317    1.829505e+00
      5.462305    1.828804e+00
      5.479967    1.828114e+00
      5.498328    1.827393e+00
      5.515812    1.826705e+00
      5.535692    1.825919e+00
      5.552272    1.825263e+00
      5.568853    1.824604e+00
      5.588853    1.823807e+00
      5.608853    1.823009e+00
      5.628853    1.822208e+00
      5.648853    1.821406e+00
      5.668853    1.820602e+00
      5.688853    1.819797e+00
      5.708853    1.818991e+00
      5.728494    1.818198e+00
      5.748494    1.817391e+00
      5.768494    1.816583e+00
      5.788494    1.815775e+00
      5.808368    1.814972e+00
      5.828368    1.814164e+00
      5.848368    1.813356e+00
      5.868368    1.812550e+00
      5.888368    1.811744e+00
      5.908368    1.810938e+00
      5.928368    1.810135e+00
      5.948368    1.809332e+00
      5.964180    1.808699e+00
      5.979993    1.808067e+00
      5.999993    1.807269e+00
      6.018182    1.806545e+00
      6.037969    1.805761e+00
      6.057636    1.804982e+00
      6.077636    1.804194e+00
      6.097347    1.803420e+00
      6.117347    1.802638e+00
      6.137347    1.801859e+00
      6.157347    1.801083e+00
      6.177347    1.800311e+00
      6.197347    1.799543e+00
      6.217347    1.798779e+00
      6.236114    1.798066e+00
      6.255047    1.797350e+00
      6.274114    1.796634e+00
      6.294114    1.795886e+00
      6.314114    1.795144e+00
      6.333411    1.794432e+00
      6.352716    1.793725e+00
      6.372716    1.792997e+00
      6.392716    1.792275e+00
      6.412716    1.791559e+00
      6.432716    1.790848e+00
      6.452716    1.790142e+00
      6.469211    1.789565e+00
      6.485706    1.788992e+00
      6.505706    1.788303e+00
      6.525706    1.787620e+00
      6.545706    1.786943e+00
      6.565706    1.786273e+00
      6.585706    1.785610e+00
      6.604070    1.785006e+00
      6.621862    1.784427e+00
      6.641862    1.783783e+00
      6.661862    1.783145e+00
      6.681653    1.782521e+00
      6.701653    1.781898e+00
      6.721653    1.781282e+00
      6.741566    1.780676e+00
      6.761566    1.780074e+00
      6.780036    1.779525e+00
      6.800036    1.778938e+00
      6.820036    1.778358e+00
      6.840036    1.777786e+00
      6.859433    1.777239e+00
      6.879433    1.776682e+00
      6.899433    1.776132e+00
      6.919433    1.775591e+00
      6.939433    1.775057e+00
      6.959433    1.774531e+00
      6.979433    1.774013e+00
      6.999433    1.773503e+00
      7.019433    1.773001e+00
      7.039433    1.772506e+00
      7.059433    1.772020e+00
      7.079433    1.771542e+00
      7.099433    1.771071e+00
      7.118665    1.770626e+00
      7.137198    1.770204e+00
      7.157198    1.769756e+00
      7.176326    1.769335e+00
      7.196326    1.768902e+00
      7.216326    1.768478e+00
      7.236326    1.768060e+00
      7.256326    1.767651e+00
      7.276326    1.767250e+00
      7.296326    1.766856e+00
      7.316326    1.766470e+00
      7.336326    1.766091e+00
      7.356326    1.765720e+00
      7.376326    1.765356e+00
      7.394000    1.765041e+00
      7.411675    1.764732e+00
      7.428697    1.764439e+00
      7.445719    1.764152e+00
      7.465719    1.763821e+00
      7.485719    1.763497e+00
      7.505719    1.763180e+00
      7.525719    1.762870e+00
      7.545517    1.762570e+00
      7.565517    1.762274e+00
      7.585517    1.761984e+00
      7.605517    1.761701e+00
      7.625517    1.761425e+00
      7.645517    1.761155e+00
      7.664828    1.760901e+00
      7.684828    1.760643e+00
      7.704828    1.760392e+00
      7.724828    1.760147e+00
      7.744493    1.759911e+00
      7.764493    1.759678e+00
      7.784493    1.759450e+00
      7.804493    1.759228e+00
      7.824493    1.759012e+00
      7.844493    1.758801e+00
      7.864493    1.758595e+00
      7.884024    1.758399e+00
      7.904024    1.758203e+00
      7.924024    1.758013e+00
      7.944024    1.757827e+00
      7.964024    1.757646e+00
      7.984024    1.757470e+00
      8.004024    1.757299e+00
      8.024024    1.757131e+00
      8.044024    1.756968e+00
      8.064024    1.756809e+00
      8.084024    1.756655e+00
      8.104024    1.756504e+00
      8.123388    1.756361e+00
      8.143388    1.756218e+00
      8.161782    1.756089e+00
      8.181782    1.755952e+00
      8.201782    1.755819e+00
      8.221782    1.755689e+00
      8.241782    1.755562e+00
      8.261782    1.755438e+00
      8.281782    1.755317e+00
      8.301782    1.755198e+00
      8.341782    1.754969e+00
      8.381782    1.754749e+00
      8.421782    1.754538e+00
      8.461782    1.754335e+00
      8.501782    1.754139e+00
      8.541782    1.753949e+00
      8.581782    1.753763e+00
      8.621782    1.753582e+00
      8.661782    1.753404e+00
      8.701782    1.753230e+00
      8.741782    1.753057e+00
      8.781782    1.752885e+00
      8.821782    1.752714e+00
      8.861782    1.752543e+00
      8.901782    1.752371e+00
      8.941782    1.752198e+00
      8.981782    1.752023e+00
      9.021782    1.751846e+00
      9.061782    1.751665e+00
      9.101782    1.751482e+00
      9.141782    1.751296e+00
      9.181782    1.751105e+00
      9.221782    1.750910e+00
      9.261782    1.750710e+00
      9.301782    1.750506e+00
      9.341782    1.750296e+00
      9.381782    1.750082e+00
      9.421782    1.749862e+00
      9.461782    1.749637e+00
      9.501782    1.749406e+00
      9.541782    1.749169e+00
      9.581782    1.748928e+00
      9.621782    1.748680e+00
      9.661782    1.748427e+00
      9.701782    1.748169e+00
      9.741782    1.747905e+00
      9.781782    1.747636e+00
      9.821782    1.747361e+00
      9.861782    1.747082e+00
      9.901782    1.746798e+00
      9.941782    1.746510e+00
      9.981782    1.746217e+00
      10.021782    1.745920e+00
      10.061782    1.745619e+00
      10.101782    1.745315e+00
      10.141782    1.745007e+00
      10.181782    1.744696e+00
      10.221782    1.744383e+00
      10.261782    1.744066e+00
      10.301782    1.743748e+00
      10.341782    1.743428e+00
      10.381782    1.743107e+00
      10.421782    1.742784e+00
      10.461782    1.742460e+00
      10.501782    1.742136e+00
      10.541782    1.741811e+00
      10.581782    1.741487e+00
      10.621782    1.741163e+00
      10.661782    1.740839e+00
      10.701782    1.740517e+00
      10.741782    1.740196e+00
      10.781782    1.739876e+00
      10.821782    1.739558e+00
      10.860710    1.739251e+00
      10.900710    1.738938e+00
      10.940710    1.738627e+00
      10.980710    1.738319e+00
      11.020710    1.738015e+00
      11.060710    1.737713e+00
      11.100710    1.737416e+00
      11.140710    1.737122e+00
      11.180710    1.736832e+00
      11.219163    1.736558e+00
      11.259163    1.736276e+00
      11.299163    1.735999e+00
      11.339163    1.735726e+00
      11.379163    1.735459e+00
      11.419163    1.735196e+00
      11.459163    1.734938e+00
      11.499163    1.734685e+00
      11.539163    1.734438e+00
      11.579163    1.734195e+00
      11.619163    1.733958e+00
      11.659163    1.733726e+00
      11.699163    1.733499e+00
      11.739163    1.733278e+00
      11.779163    1.733062e+00
      11.819163    1.732851e+00
      11.859163    1.732646e+00
      11.899163    1.732446e+00
      11.939163    1.732250e+00
      11.979163    1.732061e+00
      12.019163    1.731876e+00
      12.059163    1.731696e+00
      12.099163    1.731521e+00
      12.139163    1.731351e+00
      12.179163    1.731186e+00
      12.219163    1.731025e+00
      12.259163    1.730869e+00
      12.299163    1.730717e+00
      12.339163    1.730569e+00
      12.379163    1.730426e+00
      12.419163    1.730286e+00
      12.459163    1.730150e+00
      12.499163    1.730018e+00
      12.539163    1.729890e+00
      12.579163    1.729765e+00
      12.619163    1.729643e+00
      12.659163    1.729524e+00
      12.699163    1.729409e+00
      12.739163    1.729295e+00
      12.779163    1.729185e+00
      12.819163    1.729077e+00
      12.859163    1.728971e+00
      12.899163    1.728868e+00
      12.939163    1.728766e+00
      12.979163    1.728667e+00
      13.019163    1.728569e+00
      13.059163    1.728473e+00
      13.099163    1.728377e+00
      13.139163    1.728284e+00
      13.179163    1.728191e+00
      13.219163    1.728099e+00
      13.259163    1.728009e+00
      13.299163    1.727918e+00
      13.339163    1.727830e+00
      13.379163    1.727740e+00
      13.419163    1.727652e+00
      13.459163    1.727564e+00
      13.499163    1.727476e+00
      13.539163    1.727389e+00
      13.579163    1.727301e+00
      13.619163    1.727214e+00
      13.659163    1.727125e+00
      13.699163    1.727038e+00
      13.739163    1.726950e+00
      13.779163    1.726861e+00
      13.819163    1.726772e+00
      13.859163    1.726683e+00
      13.899163    1.726593e+00
      13.939163    1.726503e+00
      13.979163    1.726412e+00
      14.019163    1.726321e+00
      14.059163    1.726229e+00
      14.099163    1.726137e+00
      14.139163    1.726044e+00
      14.179163    1.725950e+00
      14.219163    1.725856e+00
      14.259163    1.725761e+00
      14.299163    1.725666e+00
      14.339163    1.725570e+00
      14.379163    1.725474e+00
      14.419163    1.725377e+00
      14.459163    1.725279e+00
      14.499163    1.725182e+00
      14.539163    1.725083e+00
      14.579163    1.724984e+00
      14.619163    1.724885e+00
      14.659163    1.724786e+00
      14.699163    1.724686e+00
      14.739163    1.724586e+00
      14.779163    1.724486e+00
      14.819163    1.724386e+00
      14.859163    1.724285e+00
      14.899163    1.724185e+00
      14.939163    1.724084e+00
      14.979163    1.723984e+00
      15.019163    1.723884e+00
      15.059163    1.723783e+00
      15.099163    1.723684e+00
      15.139163    1.723584e+00
      15.179163    1.723484e+00
      15.219163    1.723386e+00
      15.259163    1.723287e+00
      15.299163    1.723189e+00
      15.339163    1.723091e+00
      15.379163    1.722995e+00
      15.419163    1.722899e+00
      15.459163    1.722803e+00
      15.499163    1.722709e+00
      15.539163    1.722615e+00
      15.579163    1.722521e+00
      15.619163    1.722430e+00
      15.659163    1.722338e+00
      15.699163    1.722248e+00
      15.739163    1.722159e+00
      15.779163    1.722071e+00
      15.819163    1.721984e+00
      15.859163    1.721898e+00
      15.899163    1.721813e+00
      15.939163    1.721729e+00
      15.979163    1.721647e+00
      16.019163    1.721566e+00
      16.059163    1.721487e+00
      16.099163    1.721408e+00
      16.139163    1.721332e+00
      16.179163    1.721256e+00
      16.219163    1.721181e+00
      16.259163    1.721109e+00
      16.299163    1.721038e+00
      16.339163    1.720967e+00
      16.379163    1.720899e+00
      16.419163    1.720831e+00
      16.459163    1.720766e+00
      16.499163    1.720702e+00
      16.539163    1.720638e+00
      16.579163    1.720578e+00
      16.619163    1.720517e+00
      16.659163    1.720459e+00
      16.699163    1.720402e+00
      16.739163    1.720346e+00
      16.779163    1.720292e+00
      16.819163    1.720239e+00
      16.859163    1.720187e+00
      16.899163    1.720137e+00
      16.939163    1.720088e+00
      16.979163    1.720040e+00
      17.019163    1.719994e+00
      17.059163    1.719949e+00
      17.099163    1.719906e+00
      17.139163    1.719863e+00
      17.179163    1.719822e+00
      17.219163    1.719782e+00
      17.259163    1.719743e+00
      17.299163    1.719705e+00
      17.339163    1.719668e+00
      17.379163    1.719632e+00
      17.419163    1.719597e+00
      17.459163    1.719564e+00
      17.499163    1.719531e+00
      17.539163    1.719499e+00
      17.579163    1.719468e+00
      17.619163    1.719438e+00
      17.659163    1.719409e+00
      17.699163    1.719380e+00
      17.739163    1.719353e+00
      17.779163    1.719325e+00
      17.819163    1.719299e+00
      17.859163    1.719274e+00
      17.899163    1.719249e+00
      17.939163    1.719224e+00
      17.979163    1.719201e+00
      18.019163    1.719177e+00
      18.059163    1.719154e+00
      18.099163    1.719133e+00
      18.139163    1.719110e+00
      18.179163    1.719089e+00
      18.219163    1.719068e+00
      18.259163    1.719047e+00
      18.299163    1.719027e+00
      18.339163    1.719007e+00
      18.379163    1.718988e+00
      18.419163    1.718968e+00
      18.459163    1.718949e+00
      18.499163    1.718930e+00
      18.539163    1.718911e+00
      18.579163    1.718893e+00
      18.619163    1.718874e+00
      18.659163    1.718857e+00
      18.699163    1.718839e+00
      18.739163    1.718821e+00
      18.779163    1.718803e+00
      18.819163    1.718785e+00
      18.859163    1.718768e+00
      18.899163    1.718751e+00
      18.939163    1.718733e+00
      18.979163    1.718716e+00
      19.019163    1.718699e+00
      19.059163    1.718682e+00
      19.099163    1.718666e+00
      19.139163    1.718648e+00
      19.179163    1.718632e+00
      19.219163    1.718615e+00
      19.259163    1.718598e+00
      19.299163    1.718582e+00
      19.339163    1.718565e+00
      19.379163    1.718549e+00
      19.419163    1.718532e+00
      19.459163    1.718516e+00
      19.499163    1.718500e+00
      19.539163    1.718484e+00
      19.579163    1.718468e+00
      19.619163    1.718452e+00
      19.659163    1.718437e+00
      19.699163    1.718421e+00
      19.739163    1.718405e+00
      19.779163    1.718390e+00
      19.819163    1.718375e+00
      19.859163    1.718360e+00
      19.899163    1.718345e+00
      19.939163    1.718331e+00
      19.979163    1.718316e+00
      20.019163    1.718302e+00
      20.059163    1.718288e+00
      20.099163    1.718274e+00
      20.139163    1.718261e+00
      20.179163    1.718247e+00
      20.219163    1.718234e+00
      20.259163    1.718221e+00
      20.299163    1.718208e+00
      20.339163    1.718196e+00
      20.379163    1.718184e+00
      20.419163    1.718173e+00
      20.459163    1.718161e+00
      20.499163    1.718150e+00
      20.539163    1.718139e+00
      20.579163    1.718129e+00
      20.619163    1.718119e+00
      20.659163    1.718109e+00
      20.699163    1.718100e+00
      20.739163    1.718091e+00
      20.779163    1.718081e+00
      20.819163    1.718073e+00
      20.859163    1.718065e+00
      20.899163    1.718058e+00
      20.939163    1.718051e+00
      20.979163    1.718044e+00
      21.019163    1.718037e+00
      21.059163    1.718031e+00
      21.099163    1.718025e+00
      21.139163    1.718020e+00
      21.179163    1.718015e+00
      21.219163    1.718011e+00
      21.259163    1.718007e+00
      21.299163    1.718002e+00
      21.339163    1.717999e+00
      21.379163    1.717996e+00
      21.419163    1.717993e+00
      21.459163    1.717991e+00
      21.499163    1.717989e+00
      21.539163    1.717987e+00
      21.579163    1.717986e+00
      21.619163    1.717984e+00
      21.659163    1.717984e+00
      21.699163    1.717984e+00
      21.739163    1.717984e+00
      21.779163    1.717984e+00
      21.819163    1.717984e+00
      21.859163    1.717985e+00
      21.899163    1.717986e+00
      21.939163    1.717987e+00
      21.979163    1.717988e+00
      22.019163    1.717990e+00
      22.059163    1.717993e+00
      22.099163    1.717995e+00
      22.139163    1.717997e+00
      22.179163    1.718000e+00
      22.219163    1.718003e+00
      22.259163    1.718006e+00
      22.299163    1.718009e+00
      22.339163    1.718013e+00
      22.379163    1.718016e+00
      22.419163    1.718020e+00
      22.459163    1.718023e+00
      22.499163    1.718027e+00
      22.539163    1.718032e+00
      22.579163    1.718036e+00
      22.619163    1.718040e+00
      22.659163    1.718044e+00
      22.699163    1.718049e+00
      22.739163    1.718053e+00
      22.779163    1.718058e+00
      22.819163    1.718062e+00
      22.859163    1.718067e+00
      22.899163    1.718072e+00
      22.939163    1.718077e+00
      22.979163    1.718082e+00
      23.019163    1.718087e+00
      23.059163    1.718092e+00
      23.099163    1.718097e+00
      23.139163    1.718102e+00
      23.179163    1.718107e+00
      23.219163    1.718112e+00
      23.259163    1.718118e+00
      23.299163    1.718123e+00
      23.339163    1.718128e+00
      23.379163    1.718134e+00
      23.419163    1.718139e+00
      23.459163    1.718145e+00
      23.499163    1.718150e+00
      23.539163    1.718155e+00
      23.579163    1.718161e+00
      23.619163    1.718166e+00
      23.659163    1.718171e+00
      23.699163    1.718177e+00
      23.739163    1.718182e+00
      23.779163    1.718188e+00
      23.819163    1.718193e+00
      23.859163    1.718198e+00
      23.899163    1.718204e+00
      23.939163    1.718209e+00
      23.979163    1.718214e+00
      24.019163    1.718219e+00
      24.059163    1.718225e+00
      24.099163    1.718230e+00
      24.139163    1.718235e+00
      24.179163    1.718239e+00
      24.219163    1.718244e+00
      24.259163    1.718249e+00
      24.299163    1.718254e+00
      24.339163    1.718259e+00
      24.379163    1.718263e+00
      24.419163    1.718267e+00
      24.459163    1.718272e+00
      24.499163    1.718276e+00
      24.539163    1.718280e+00
      24.579163    1.718284e+00
      24.619163    1.718288e+00
      24.659163    1.718291e+00
      24.699163    1.718295e+00
      24.739163    1.718298e+00
      24.779163    1.718301e+00
      24.819163    1.718304e+00
      24.859163    1.718307e+00
      24.899163    1.718310e+00
      24.939163    1.718313e+00
      24.979163    1.718315e+00
      25.019163    1.718317e+00
      25.059163    1.718319e+00
      25.099163    1.718321e+00
      25.139163    1.718322e+00
      25.179163    1.718324e+00
      25.219163    1.718325e+00
      25.259163    1.718326e+00
      25.299163    1.718327e+00
      25.339163    1.718328e+00
      25.379163    1.718329e+00
      25.419163    1.718328e+00
      25.459163    1.718329e+00
      25.499163    1.718328e+00
      25.539163    1.718328e+00
      25.579163    1.718328e+00
      25.619163    1.718327e+00
      25.659163    1.718326e+00
      25.699163    1.718325e+00
      25.739163    1.718325e+00
      25.779163    1.718323e+00
      25.819163    1.718321e+00
      25.859163    1.718320e+00
      25.899163    1.718318e+00
