  time                       Ehyb/coef
0.000000    -2.007055e+00  -9.988757e-01  -3.005931e+00
0.001216    -2.007044e+00  -9.988743e-01  -3.005919e+00
0.002173    -2.007039e+00  -9.988734e-01  -3.005913e+00
0.004332    -2.007040e+00  -9.988708e-01  -3.005911e+00
0.007580    -2.007046e+00  -9.988646e-01  -3.005911e+00
0.013898    -2.007070e+00  -9.988412e-01  -3.005911e+00
0.019557    -2.007104e+00  -9.988058e-01  -3.005910e+00
0.025037    -2.007149e+00  -9.987579e-01  -3.005907e+00
0.031611    -2.007217e+00  -9.986836e-01  -3.005901e+00
0.039199    -2.007315e+00  -9.985804e-01  -3.005896e+00
0.046927    -2.007438e+00  -9.984572e-01  -3.005895e+00
0.055024    -2.007591e+00  -9.983057e-01  -3.005897e+00
0.067211    -2.007866e+00  -9.980337e-01  -3.005900e+00
0.084112    -2.008336e+00  -9.975733e-01  -3.005909e+00
0.095882    -2.008721e+00  -9.971988e-01  -3.005920e+00
0.106464    -2.009108e+00  -9.968264e-01  -3.005934e+00
0.118363    -2.009586e+00  -9.963686e-01  -3.005955e+00
0.138895    -2.010517e+00  -9.954893e-01  -3.006007e+00
0.165020    -2.011887e+00  -9.942232e-01  -3.006110e+00
0.186821    -2.013177e+00  -9.930554e-01  -3.006232e+00
0.210615    -2.014726e+00  -9.916819e-01  -3.006408e+00
0.229315    -2.016041e+00  -9.905388e-01  -3.006580e+00
0.247287    -2.017380e+00  -9.893931e-01  -3.006773e+00
0.276794    -2.019725e+00  -9.874245e-01  -3.007149e+00
0.308546    -2.022434e+00  -9.852060e-01  -3.007640e+00
0.332434    -2.024585e+00  -9.834837e-01  -3.008069e+00
0.369738    -2.028118e+00  -9.807281e-01  -3.008846e+00
0.407001    -2.031830e+00  -9.779167e-01  -3.009746e+00
0.444047    -2.035677e+00  -9.750835e-01  -3.010760e+00
0.481966    -2.039754e+00  -9.721592e-01  -3.011913e+00
0.514931    -2.043399e+00  -9.696064e-01  -3.013005e+00
0.539757    -2.046198e+00  -9.676820e-01  -3.013880e+00
0.568478    -2.049488e+00  -9.654563e-01  -3.014944e+00
0.610891    -2.054434e+00  -9.621734e-01  -3.016608e+00
0.653813    -2.059532e+00  -9.588556e-01  -3.018388e+00
0.701474    -2.065282e+00  -9.551778e-01  -3.020460e+00
0.746702    -2.070811e+00  -9.516938e-01  -3.022505e+00
0.789295    -2.076072e+00  -9.484174e-01  -3.024489e+00
0.799295    -2.077314e+00  -9.476485e-01  -3.024962e+00
0.818561    -2.079713e+00  -9.461678e-01  -3.025881e+00
0.837776    -2.082114e+00  -9.446916e-01  -3.026806e+00
0.857776    -2.084622e+00  -9.431553e-01  -3.027777e+00
0.877776    -2.087136e+00  -9.416191e-01  -3.028756e+00
0.897718    -2.089651e+00  -9.400871e-01  -3.029738e+00
0.916174    -2.091984e+00  -9.386689e-01  -3.030652e+00
0.933535    -2.094182e+00  -9.373342e-01  -3.031517e+00
0.951571    -2.096471e+00  -9.359471e-01  -3.032418e+00
0.969606    -2.098763e+00  -9.345594e-01  -3.033323e+00
0.987605    -2.101054e+00  -9.331737e-01  -3.034228e+00
1.007605    -2.103604e+00  -9.316332e-01  -3.035237e+00
1.027605    -2.106156e+00  -9.300918e-01  -3.036248e+00
1.047605    -2.108712e+00  -9.285500e-01  -3.037262e+00
1.067605    -2.111269e+00  -9.270076e-01  -3.038277e+00
1.087387    -2.113800e+00  -9.254819e-01  -3.039282e+00
1.106344    -2.116226e+00  -9.240198e-01  -3.040246e+00
1.124749    -2.118583e+00  -9.226005e-01  -3.041183e+00
1.144749    -2.121143e+00  -9.210585e-01  -3.042202e+00
1.164510    -2.123672e+00  -9.195355e-01  -3.043208e+00
1.184510    -2.126231e+00  -9.179948e-01  -3.044226e+00
1.204510    -2.128789e+00  -9.164550e-01  -3.045244e+00
1.224510    -2.131344e+00  -9.149163e-01  -3.046261e+00
1.243881    -2.133817e+00  -9.134271e-01  -3.047244e+00
1.263881    -2.136368e+00  -9.118911e-01  -3.048259e+00
1.282970    -2.138799e+00  -9.104265e-01  -3.049225e+00
1.302970    -2.141342e+00  -9.088941e-01  -3.050236e+00
1.322373    -2.143805e+00  -9.074094e-01  -3.051214e+00
1.342373    -2.146339e+00  -9.058814e-01  -3.052221e+00
1.362302    -2.148859e+00  -9.043617e-01  -3.053221e+00
1.382302    -2.151381e+00  -9.028396e-01  -3.054221e+00
1.402153    -2.153879e+00  -9.013321e-01  -3.055211e+00
1.421564    -2.156314e+00  -8.998615e-01  -3.056176e+00
1.441564    -2.158816e+00  -8.983501e-01  -3.057166e+00
1.461564    -2.161309e+00  -8.968431e-01  -3.058152e+00
1.479460    -2.163533e+00  -8.954985e-01  -3.059031e+00
1.499460    -2.166009e+00  -8.940006e-01  -3.060009e+00
1.519207    -2.168444e+00  -8.925269e-01  -3.060971e+00
1.538504    -2.170814e+00  -8.910923e-01  -3.061906e+00
1.558504    -2.173259e+00  -8.896114e-01  -3.062870e+00
1.578504    -2.175693e+00  -8.881370e-01  -3.063830e+00
1.598504    -2.178115e+00  -8.866695e-01  -3.064785e+00
1.618504    -2.180525e+00  -8.852092e-01  -3.065734e+00
1.638504    -2.182922e+00  -8.837564e-01  -3.066678e+00
1.658504    -2.185305e+00  -8.823114e-01  -3.067617e+00
1.678504    -2.187675e+00  -8.808746e-01  -3.068550e+00
1.698504    -2.190031e+00  -8.794463e-01  -3.069477e+00
1.718504    -2.192372e+00  -8.780267e-01  -3.070399e+00
1.738504    -2.194699e+00  -8.766162e-01  -3.071315e+00
1.758504    -2.197009e+00  -8.752151e-01  -3.072225e+00
1.778504    -2.199305e+00  -8.738237e-01  -3.073128e+00
1.798504    -2.201583e+00  -8.724424e-01  -3.074026e+00
1.818504    -2.203846e+00  -8.710716e-01  -3.074917e+00
1.838504    -2.206091e+00  -8.697114e-01  -3.075803e+00
1.858504    -2.208320e+00  -8.683624e-01  -3.076682e+00
1.878504    -2.210530e+00  -8.670249e-01  -3.077555e+00
1.898504    -2.212723e+00  -8.656992e-01  -3.078423e+00
1.918504    -2.214898e+00  -8.643858e-01  -3.079284e+00
1.938504    -2.217054e+00  -8.630850e-01  -3.080139e+00
1.958324    -2.219172e+00  -8.618085e-01  -3.080981e+00
1.978324    -2.221290e+00  -8.605339e-01  -3.081824e+00
1.997466    -2.223299e+00  -8.593267e-01  -3.082626e+00
2.017466    -2.225379e+00  -8.580790e-01  -3.083458e+00
2.037466    -2.227439e+00  -8.568457e-01  -3.084285e+00
2.057466    -2.229479e+00  -8.556269e-01  -3.085106e+00
2.077466    -2.231498e+00  -8.544230e-01  -3.085921e+00
2.097466    -2.233496e+00  -8.532342e-01  -3.086730e+00
2.117466    -2.235474e+00  -8.520608e-01  -3.087534e+00
2.137466    -2.237430e+00  -8.509031e-01  -3.088333e+00
2.157412    -2.239359e+00  -8.497644e-01  -3.089123e+00
2.177412    -2.241272e+00  -8.486388e-01  -3.089911e+00
2.197412    -2.243163e+00  -8.475296e-01  -3.090693e+00
2.217412    -2.245032e+00  -8.464371e-01  -3.091469e+00
2.237412    -2.246879e+00  -8.453614e-01  -3.092240e+00
2.257412    -2.248703e+00  -8.443029e-01  -3.093006e+00
2.277412    -2.250505e+00  -8.432618e-01  -3.093766e+00
2.297412    -2.252283e+00  -8.422382e-01  -3.094521e+00
2.317412    -2.254039e+00  -8.412323e-01  -3.095271e+00
2.337412    -2.255772e+00  -8.402443e-01  -3.096016e+00
2.357412    -2.257481e+00  -8.392745e-01  -3.096756e+00
2.377412    -2.259167e+00  -8.383228e-01  -3.097490e+00
2.397412    -2.260830e+00  -8.373895e-01  -3.098219e+00
2.417412    -2.262469e+00  -8.364746e-01  -3.098944e+00
2.437412    -2.264084e+00  -8.355783e-01  -3.099663e+00
2.457412    -2.265676e+00  -8.347007e-01  -3.100377e+00
2.477412    -2.267244e+00  -8.338417e-01  -3.101086e+00
2.497412    -2.268788e+00  -8.330016e-01  -3.101790e+00
2.517412    -2.270309e+00  -8.321802e-01  -3.102489e+00
2.537412    -2.271805e+00  -8.313778e-01  -3.103183e+00
2.557412    -2.273278e+00  -8.305942e-01  -3.103872e+00
2.577412    -2.274726e+00  -8.298296e-01  -3.104556e+00
2.597412    -2.276151e+00  -8.290838e-01  -3.105235e+00
2.617412    -2.277552e+00  -8.283571e-01  -3.105909e+00
2.637412    -2.278930e+00  -8.276492e-01  -3.106579e+00
2.657266    -2.280273e+00  -8.269652e-01  -3.107238e+00
2.677266    -2.281603e+00  -8.262950e-01  -3.107898e+00
2.697266    -2.282910e+00  -8.256436e-01  -3.108553e+00
2.717266    -2.284193e+00  -8.250111e-01  -3.109204e+00
2.737266    -2.285452e+00  -8.243973e-01  -3.109849e+00
2.757266    -2.286688e+00  -8.238022e-01  -3.110491e+00
2.777266    -2.287901e+00  -8.232258e-01  -3.111127e+00
2.797266    -2.289092e+00  -8.226679e-01  -3.111759e+00
2.817266    -2.290259e+00  -8.221285e-01  -3.112387e+00
2.837266    -2.291403e+00  -8.216075e-01  -3.113011e+00
2.857266    -2.292525e+00  -8.211048e-01  -3.113630e+00
2.877266    -2.293625e+00  -8.206202e-01  -3.114245e+00
2.897266    -2.294702e+00  -8.201536e-01  -3.114856e+00
2.917266    -2.295758e+00  -8.197048e-01  -3.115462e+00
2.937266    -2.296791e+00  -8.192739e-01  -3.116065e+00
2.957266    -2.297803e+00  -8.188605e-01  -3.116664e+00
2.977266    -2.298794e+00  -8.184645e-01  -3.117259e+00
2.997266    -2.299764e+00  -8.180858e-01  -3.117849e+00
3.017266    -2.300712e+00  -8.177241e-01  -3.118437e+00
3.037266    -2.301641e+00  -8.173793e-01  -3.119020e+00
3.057266    -2.302549e+00  -8.170511e-01  -3.119600e+00
3.077266    -2.303436e+00  -8.167393e-01  -3.120176e+00
3.097266    -2.304304e+00  -8.164437e-01  -3.120748e+00
3.117266    -2.305153e+00  -8.161641e-01  -3.121317e+00
3.147266    -2.306390e+00  -8.157741e-01  -3.122164e+00
3.177266    -2.307585e+00  -8.154186e-01  -3.123003e+00
3.207266    -2.308738e+00  -8.150967e-01  -3.123835e+00
3.237177    -2.309849e+00  -8.148083e-01  -3.124657e+00
3.267177    -2.310924e+00  -8.145508e-01  -3.125475e+00
3.297177    -2.311961e+00  -8.143240e-01  -3.126285e+00
3.326240    -2.312931e+00  -8.141325e-01  -3.127064e+00
3.356240    -2.313898e+00  -8.139632e-01  -3.127861e+00
3.385524    -2.314808e+00  -8.138244e-01  -3.128633e+00
3.415118    -2.315697e+00  -8.137099e-01  -3.129407e+00
3.444678    -2.316553e+00  -8.136201e-01  -3.130174e+00
3.474678    -2.317393e+00  -8.135532e-01  -3.130946e+00
3.504678    -2.318203e+00  -8.135094e-01  -3.131712e+00
3.534678    -2.318985e+00  -8.134875e-01  -3.132472e+00
3.564678    -2.319741e+00  -8.134865e-01  -3.133227e+00
3.594678    -2.320471e+00  -8.135050e-01  -3.133976e+00
3.624678    -2.321178e+00  -8.135419e-01  -3.134719e+00
3.654678    -2.321862e+00  -8.135959e-01  -3.135457e+00
3.684678    -2.322524e+00  -8.136658e-01  -3.136190e+00
3.714678    -2.323167e+00  -8.137505e-01  -3.136917e+00
3.744366    -2.323784e+00  -8.138476e-01  -3.137632e+00
3.774366    -2.324390e+00  -8.139581e-01  -3.138348e+00
3.804198    -2.324977e+00  -8.140789e-01  -3.139056e+00
3.834198    -2.325552e+00  -8.142104e-01  -3.139763e+00
3.864058    -2.326111e+00  -8.143501e-01  -3.140461e+00
3.894058    -2.326659e+00  -8.144981e-01  -3.141157e+00
3.924058    -2.327196e+00  -8.146527e-01  -3.141849e+00
3.954058    -2.327723e+00  -8.148128e-01  -3.142535e+00
3.984058    -2.328240e+00  -8.149774e-01  -3.143217e+00
4.014058    -2.328749e+00  -8.151453e-01  -3.143894e+00
4.043794    -2.329246e+00  -8.153141e-01  -3.144560e+00
4.073794    -2.329742e+00  -8.154858e-01  -3.145228e+00
4.103794    -2.330233e+00  -8.156578e-01  -3.145891e+00
4.133794    -2.330719e+00  -8.158292e-01  -3.146548e+00
4.163794    -2.331202e+00  -8.159991e-01  -3.147202e+00
4.193794    -2.331683e+00  -8.161667e-01  -3.147850e+00
4.223794    -2.332163e+00  -8.163309e-01  -3.148494e+00
4.253794    -2.332641e+00  -8.164910e-01  -3.149132e+00
4.283794    -2.333120e+00  -8.166463e-01  -3.149767e+00
4.313794    -2.333600e+00  -8.167958e-01  -3.150396e+00
4.368473    -2.334479e+00  -8.170515e-01  -3.151531e+00
4.428473    -2.335454e+00  -8.173026e-01  -3.152757e+00
4.487043    -2.336421e+00  -8.175136e-01  -3.153935e+00
4.543491    -2.337371e+00  -8.176813e-01  -3.155052e+00
4.600900    -2.338357e+00  -8.178128e-01  -3.156170e+00
4.660009    -2.339397e+00  -8.179042e-01  -3.157301e+00
4.719269    -2.340465e+00  -8.179486e-01  -3.158414e+00
4.778895    -2.341568e+00  -8.179439e-01  -3.159512e+00
4.831911    -2.342573e+00  -8.178971e-01  -3.160470e+00
4.891911    -2.343739e+00  -8.177948e-01  -3.161534e+00
4.951911    -2.344934e+00  -8.176402e-01  -3.162574e+00
5.007558    -2.346068e+00  -8.174501e-01  -3.163518e+00
5.067558    -2.347318e+00  -8.171955e-01  -3.164513e+00
5.126147    -2.348563e+00  -8.168982e-01  -3.165462e+00
5.184790    -2.349834e+00  -8.165538e-01  -3.166388e+00
5.244790    -2.351157e+00  -8.161549e-01  -3.167312e+00
5.304790    -2.352500e+00  -8.157108e-01  -3.168211e+00
5.364317    -2.353850e+00  -8.152280e-01  -3.169078e+00
5.424317    -2.355227e+00  -8.147013e-01  -3.169928e+00
5.479967    -2.356515e+00  -8.141792e-01  -3.170694e+00
5.535692    -2.357813e+00  -8.136265e-01  -3.171440e+00
5.588853    -2.359058e+00  -8.130735e-01  -3.172131e+00
5.648853    -2.360466e+00  -8.124220e-01  -3.172888e+00
5.708853    -2.361876e+00  -8.117445e-01  -3.173620e+00
5.768494    -2.363275e+00  -8.110485e-01  -3.174324e+00
5.828368    -2.364675e+00  -8.103305e-01  -3.175006e+00
5.888368    -2.366070e+00  -8.095951e-01  -3.175666e+00
5.948368    -2.367454e+00  -8.088471e-01  -3.176301e+00
5.999993    -2.368634e+00  -8.081959e-01  -3.176830e+00
6.057636    -2.369937e+00  -8.074633e-01  -3.177400e+00
6.117347    -2.371268e+00  -8.067014e-01  -3.177969e+00
6.177347    -2.372584e+00  -8.059357e-01  -3.178519e+00
6.236114    -2.373849e+00  -8.051885e-01  -3.179037e+00
6.294114    -2.375073e+00  -8.044567e-01  -3.179530e+00
6.352716    -2.376282e+00  -8.037256e-01  -3.180008e+00
6.412716    -2.377490e+00  -8.029881e-01  -3.180479e+00
6.469211    -2.378598e+00  -8.023064e-01  -3.180905e+00
6.525706    -2.379676e+00  -8.016388e-01  -3.181315e+00
6.585706    -2.380786e+00  -8.009474e-01  -3.181734e+00
6.641862    -2.381792e+00  -8.003184e-01  -3.182111e+00
6.701653    -2.382826e+00  -7.996698e-01  -3.182496e+00
6.761566    -2.383824e+00  -7.990432e-01  -3.182867e+00
6.820036    -2.384760e+00  -7.984558e-01  -3.183215e+00
6.879433    -2.385671e+00  -7.978845e-01  -3.183555e+00
6.939433    -2.386551e+00  -7.973348e-01  -3.183886e+00
6.999433    -2.387390e+00  -7.968133e-01  -3.184203e+00
7.059433    -2.388188e+00  -7.963209e-01  -3.184509e+00
7.118665    -2.388936e+00  -7.958639e-01  -3.184800e+00
7.176326    -2.389626e+00  -7.954472e-01  -3.185073e+00
7.236326    -2.390305e+00  -7.950432e-01  -3.185348e+00
7.296326    -2.390944e+00  -7.946695e-01  -3.185613e+00
7.356326    -2.391544e+00  -7.943259e-01  -3.185870e+00
7.411675    -2.392064e+00  -7.940355e-01  -3.186100e+00
7.465719    -2.392542e+00  -7.937760e-01  -3.186318e+00
7.525719    -2.393039e+00  -7.935155e-01  -3.186554e+00
7.585517    -2.393499e+00  -7.932840e-01  -3.186783e+00
7.645517    -2.393928e+00  -7.930791e-01  -3.187007e+00
7.704828    -2.394320e+00  -7.929026e-01  -3.187223e+00
7.764493    -2.394685e+00  -7.927501e-01  -3.187435e+00
7.824493    -2.395023e+00  -7.926210e-01  -3.187644e+00
7.884024    -2.395332e+00  -7.925157e-01  -3.187847e+00
7.944024    -2.395618e+00  -7.924311e-01  -3.188049e+00
8.004024    -2.395880e+00  -7.923669e-01  -3.188247e+00
8.064024    -2.396120e+00  -7.923214e-01  -3.188442e+00
8.123388    -2.396338e+00  -7.922935e-01  -3.188632e+00
8.181782    -2.396535e+00  -7.922811e-01  -3.188816e+00
8.241782    -2.396721e+00  -7.922823e-01  -3.189003e+00
8.301782    -2.396892e+00  -7.922962e-01  -3.189188e+00
8.421782    -2.397196e+00  -7.923563e-01  -3.189553e+00
8.541782    -2.397462e+00  -7.924477e-01  -3.189910e+00
8.661782    -2.397701e+00  -7.925580e-01  -3.190259e+00
8.781782    -2.397927e+00  -7.926753e-01  -3.190602e+00
8.901782    -2.398148e+00  -7.927892e-01  -3.190937e+00
9.021782    -2.398375e+00  -7.928901e-01  -3.191265e+00
9.141782    -2.398614e+00  -7.929702e-01  -3.191584e+00
9.261782    -2.398871e+00  -7.930230e-01  -3.191894e+00
9.381782    -2.399150e+00  -7.930436e-01  -3.192194e+00
9.501782    -2.399455e+00  -7.930285e-01  -3.192483e+00
9.621782    -2.399785e+00  -7.929759e-01  -3.192761e+00
9.741782    -2.400142e+00  -7.928853e-01  -3.193027e+00
9.861782    -2.400523e+00  -7.927572e-01  -3.193280e+00
9.981782    -2.400926e+00  -7.925937e-01  -3.193520e+00
10.101782    -2.401348e+00  -7.923973e-01  -3.193746e+00
10.221782    -2.401787e+00  -7.921717e-01  -3.193958e+00
10.341782    -2.402236e+00  -7.919210e-01  -3.194157e+00
10.461782    -2.402692e+00  -7.916498e-01  -3.194342e+00
10.581782    -2.403151e+00  -7.913628e-01  -3.194514e+00
10.701782    -2.403608e+00  -7.910650e-01  -3.194673e+00
10.821782    -2.404059e+00  -7.907612e-01  -3.194820e+00
10.940710    -2.404496e+00  -7.904589e-01  -3.194954e+00
11.060710    -2.404923e+00  -7.901568e-01  -3.195079e+00
11.180710    -2.405333e+00  -7.898617e-01  -3.195194e+00
11.299163    -2.405718e+00  -7.895808e-01  -3.195299e+00
11.419163    -2.406087e+00  -7.893096e-01  -3.195397e+00
11.539163    -2.406433e+00  -7.890544e-01  -3.195488e+00
11.659163    -2.406755e+00  -7.888170e-01  -3.195572e+00
11.779163    -2.407052e+00  -7.885988e-01  -3.195651e+00
11.899163    -2.407325e+00  -7.884006e-01  -3.195726e+00
12.019163    -2.407574e+00  -7.882225e-01  -3.195797e+00
12.139163    -2.407800e+00  -7.880642e-01  -3.195864e+00
12.259163    -2.408005e+00  -7.879252e-01  -3.195930e+00
12.379163    -2.408189e+00  -7.878042e-01  -3.195993e+00
12.499163    -2.408355e+00  -7.876999e-01  -3.196055e+00
12.619163    -2.408506e+00  -7.876105e-01  -3.196117e+00
12.739163    -2.408643e+00  -7.875343e-01  -3.196177e+00
12.859163    -2.408768e+00  -7.874693e-01  -3.196237e+00
12.979163    -2.408884e+00  -7.874133e-01  -3.196297e+00
13.099163    -2.408993e+00  -7.873643e-01  -3.196357e+00
13.219163    -2.409096e+00  -7.873204e-01  -3.196416e+00
13.339163    -2.409196e+00  -7.872795e-01  -3.196476e+00
13.459163    -2.409295e+00  -7.872401e-01  -3.196535e+00
13.579163    -2.409393e+00  -7.872003e-01  -3.196593e+00
13.699163    -2.409492e+00  -7.871589e-01  -3.196651e+00
13.819163    -2.409594e+00  -7.871145e-01  -3.196709e+00
13.939163    -2.409698e+00  -7.870664e-01  -3.196765e+00
14.059163    -2.409806e+00  -7.870136e-01  -3.196820e+00
14.179163    -2.409917e+00  -7.869558e-01  -3.196873e+00
14.299163    -2.410033e+00  -7.868925e-01  -3.196925e+00
14.419163    -2.410151e+00  -7.868237e-01  -3.196975e+00
14.539163    -2.410274e+00  -7.867496e-01  -3.197023e+00
14.659163    -2.410399e+00  -7.866703e-01  -3.197069e+00
14.779163    -2.410527e+00  -7.865863e-01  -3.197113e+00
14.899163    -2.410657e+00  -7.864981e-01  -3.197155e+00
15.019163    -2.410788e+00  -7.864064e-01  -3.197194e+00
15.139163    -2.410919e+00  -7.863119e-01  -3.197231e+00
15.259163    -2.411050e+00  -7.862153e-01  -3.197266e+00
15.379163    -2.411180e+00  -7.861175e-01  -3.197298e+00
15.499163    -2.411309e+00  -7.860193e-01  -3.197328e+00
15.619163    -2.411434e+00  -7.859214e-01  -3.197356e+00
15.739163    -2.411557e+00  -7.858246e-01  -3.197382e+00
15.859163    -2.411676e+00  -7.857296e-01  -3.197405e+00
15.979163    -2.411790e+00  -7.856372e-01  -3.197427e+00
16.099163    -2.411900e+00  -7.855478e-01  -3.197448e+00
16.219163    -2.412004e+00  -7.854620e-01  -3.197466e+00
16.339163    -2.412103e+00  -7.853803e-01  -3.197484e+00
16.459163    -2.412197e+00  -7.853029e-01  -3.197500e+00
16.579163    -2.412284e+00  -7.852301e-01  -3.197515e+00
16.699163    -2.412366e+00  -7.851622e-01  -3.197528e+00
16.819163    -2.412442e+00  -7.850992e-01  -3.197541e+00
16.939163    -2.412513e+00  -7.850410e-01  -3.197554e+00
17.059163    -2.412578e+00  -7.849876e-01  -3.197565e+00
17.179163    -2.412638e+00  -7.849388e-01  -3.197576e+00
17.299163    -2.412692e+00  -7.848945e-01  -3.197587e+00
17.419163    -2.412743e+00  -7.848542e-01  -3.197597e+00
17.539163    -2.412789e+00  -7.848178e-01  -3.197607e+00
17.659163    -2.412832e+00  -7.847848e-01  -3.197617e+00
17.779163    -2.412871e+00  -7.847549e-01  -3.197626e+00
17.899163    -2.412908e+00  -7.847276e-01  -3.197635e+00
18.019163    -2.412942e+00  -7.847026e-01  -3.197644e+00
18.139163    -2.412974e+00  -7.846793e-01  -3.197653e+00
18.259163    -2.413004e+00  -7.846574e-01  -3.197662e+00
18.379163    -2.413034e+00  -7.846367e-01  -3.197670e+00
18.499163    -2.413062e+00  -7.846166e-01  -3.197678e+00
18.619163    -2.413089e+00  -7.845969e-01  -3.197686e+00
18.739163    -2.413116e+00  -7.845773e-01  -3.197694e+00
18.859163    -2.413143e+00  -7.845576e-01  -3.197701e+00
18.979163    -2.413170e+00  -7.845376e-01  -3.197708e+00
19.099163    -2.413197e+00  -7.845173e-01  -3.197714e+00
19.219163    -2.413223e+00  -7.844964e-01  -3.197720e+00
19.339163    -2.413250e+00  -7.844750e-01  -3.197725e+00
19.459163    -2.413277e+00  -7.844531e-01  -3.197730e+00
19.579163    -2.413303e+00  -7.844307e-01  -3.197734e+00
19.699163    -2.413330e+00  -7.844079e-01  -3.197738e+00
19.819163    -2.413356e+00  -7.843848e-01  -3.197741e+00
19.939163    -2.413382e+00  -7.843615e-01  -3.197744e+00
20.059163    -2.413408e+00  -7.843382e-01  -3.197746e+00
20.179163    -2.413433e+00  -7.843149e-01  -3.197748e+00
20.299163    -2.413457e+00  -7.842919e-01  -3.197749e+00
20.419163    -2.413480e+00  -7.842694e-01  -3.197749e+00
20.539163    -2.413502e+00  -7.842474e-01  -3.197749e+00
20.659163    -2.413523e+00  -7.842261e-01  -3.197749e+00
20.779163    -2.413543e+00  -7.842057e-01  -3.197748e+00
20.899163    -2.413561e+00  -7.841862e-01  -3.197747e+00
21.019163    -2.413578e+00  -7.841678e-01  -3.197746e+00
21.139163    -2.413593e+00  -7.841506e-01  -3.197744e+00
21.259163    -2.413607e+00  -7.841345e-01  -3.197741e+00
21.379163    -2.413619e+00  -7.841196e-01  -3.197739e+00
21.499163    -2.413630e+00  -7.841059e-01  -3.197736e+00
21.619163    -2.413640e+00  -7.840935e-01  -3.197733e+00
21.739163    -2.413648e+00  -7.840821e-01  -3.197730e+00
21.859163    -2.413655e+00  -7.840719e-01  -3.197727e+00
21.979163    -2.413661e+00  -7.840626e-01  -3.197723e+00
22.099163    -2.413666e+00  -7.840542e-01  -3.197720e+00
22.219163    -2.413670e+00  -7.840465e-01  -3.197716e+00
22.339163    -2.413673e+00  -7.840395e-01  -3.197712e+00
22.459163    -2.413675e+00  -7.840330e-01  -3.197708e+00
22.579163    -2.413677e+00  -7.840270e-01  -3.197704e+00
22.699163    -2.413678e+00  -7.840214e-01  -3.197700e+00
22.819163    -2.413679e+00  -7.840160e-01  -3.197695e+00
22.939163    -2.413680e+00  -7.840110e-01  -3.197691e+00
23.059163    -2.413680e+00  -7.840062e-01  -3.197686e+00
23.179163    -2.413680e+00  -7.840017e-01  -3.197682e+00
23.299163    -2.413679e+00  -7.839974e-01  -3.197677e+00
23.419163    -2.413679e+00  -7.839934e-01  -3.197672e+00
23.539163    -2.413677e+00  -7.839896e-01  -3.197667e+00
23.659163    -2.413676e+00  -7.839860e-01  -3.197662e+00
23.779163    -2.413674e+00  -7.839827e-01  -3.197657e+00
23.899163    -2.413672e+00  -7.839794e-01  -3.197652e+00
24.019163    -2.413670e+00  -7.839763e-01  -3.197646e+00
24.139163    -2.413668e+00  -7.839732e-01  -3.197641e+00
24.259163    -2.413666e+00  -7.839700e-01  -3.197636e+00
24.379163    -2.413664e+00  -7.839666e-01  -3.197630e+00
24.499163    -2.413662e+00  -7.839631e-01  -3.197625e+00
24.619163    -2.413661e+00  -7.839591e-01  -3.197620e+00
24.739163    -2.413660e+00  -7.839548e-01  -3.197615e+00
24.859163    -2.413660e+00  -7.839499e-01  -3.197610e+00
24.979163    -2.413660e+00  -7.839445e-01  -3.197604e+00
25.099163    -2.413661e+00  -7.839384e-01  -3.197599e+00
25.219163    -2.413663e+00  -7.839316e-01  -3.197594e+00
25.339163    -2.413665e+00  -7.839241e-01  -3.197589e+00
25.459163    -2.413668e+00  -7.839158e-01  -3.197584e+00
25.579163    -2.413672e+00  -7.839067e-01  -3.197579e+00
25.699163    -2.413677e+00  -7.838969e-01  -3.197574e+00
25.819163    -2.413683e+00  -7.838864e-01  -3.197569e+00
