      0.000490    2.088632e+00
      0.000980    2.088632e+00
      0.001425    2.088632e+00
      0.001838    2.088632e+00
      0.002373    2.088633e+00
      0.002950    2.088633e+00
      0.003609    2.088634e+00
      0.004329    2.088635e+00
      0.005092    2.088636e+00
      0.005899    2.088637e+00
      0.006850    2.088637e+00
      0.007869    2.088638e+00
      0.009155    2.088639e+00
      0.010713    2.088640e+00
      0.012692    2.088640e+00
      0.015024    2.088641e+00
      0.017377    2.088641e+00
      0.019855    2.088641e+00
      0.022692    2.088642e+00
      0.025944    2.088645e+00
      0.029669    2.088648e+00
      0.034158    2.088651e+00
      0.039440    2.088655e+00
      0.045784    2.088659e+00
      0.052191    2.088662e+00
      0.059551    2.088665e+00
      0.067244    2.088666e+00
      0.076098    2.088667e+00
      0.085684    2.088668e+00
      0.095751    2.088667e+00
      0.105352    2.088666e+00
      0.116027    2.088666e+00
      0.126821    2.088668e+00
      0.137885    2.088672e+00
      0.149298    2.088675e+00
      0.161062    2.088679e+00
      0.172621    2.088682e+00
      0.185622    2.088684e+00
      0.199472    2.088685e+00
      0.213746    2.088685e+00
      0.228746    2.088683e+00
      0.243746    2.088681e+00
      0.258746    2.088679e+00
      0.273746    2.088678e+00
      0.288746    2.088676e+00
      0.303746    2.088673e+00
      0.318746    2.088668e+00
      0.333746    2.088661e+00
      0.348746    2.088651e+00
      0.363746    2.088637e+00
      0.378746    2.088620e+00
      0.393746    2.088597e+00
      0.408746    2.088569e+00
      0.423746    2.088536e+00
      0.438746    2.088496e+00
      0.453746    2.088449e+00
      0.468746    2.088395e+00
      0.483746    2.088333e+00
      0.498746    2.088260e+00
      0.513746    2.088177e+00
      0.528746    2.088082e+00
      0.543746    2.087974e+00
      0.558746    2.087852e+00
      0.573746    2.087715e+00
      0.588746    2.087564e+00
      0.603746    2.087396e+00
      0.618746    2.087213e+00
      0.633746    2.087012e+00
      0.648746    2.086795e+00
      0.663746    2.086561e+00
      0.678746    2.086310e+00
      0.693746    2.086041e+00
      0.708746    2.085754e+00
      0.723746    2.085449e+00
      0.738746    2.085126e+00
      0.753746    2.084785e+00
      0.768746    2.084424e+00
      0.783746    2.084045e+00
      0.798746    2.083646e+00
      0.813746    2.083228e+00
      0.828746    2.082790e+00
      0.843746    2.082332e+00
      0.858746    2.081854e+00
      0.873746    2.081355e+00
      0.888746    2.080837e+00
      0.903746    2.080298e+00
      0.918746    2.079739e+00
      0.933746    2.079159e+00
      0.948746    2.078560e+00
      0.963746    2.077940e+00
      0.978746    2.077300e+00
      0.993746    2.076640e+00
      1.008746    2.075961e+00
      1.023746    2.075262e+00
      1.038746    2.074543e+00
      1.053746    2.073804e+00
      1.068746    2.073046e+00
      1.083746    2.072270e+00
      1.098746    2.071474e+00
      1.113746    2.070660e+00
      1.128746    2.069826e+00
      1.143746    2.068975e+00
      1.158746    2.068106e+00
      1.173746    2.067218e+00
      1.188746    2.066314e+00
      1.203746    2.065391e+00
      1.218746    2.064452e+00
      1.233746    2.063495e+00
      1.248746    2.062522e+00
      1.263746    2.061533e+00
      1.278746    2.060527e+00
      1.293746    2.059505e+00
      1.308746    2.058467e+00
      1.323746    2.057414e+00
      1.338746    2.056345e+00
      1.353746    2.055260e+00
      1.368746    2.054161e+00
      1.383746    2.053047e+00
      1.398746    2.051919e+00
      1.413746    2.050776e+00
      1.428746    2.049620e+00
      1.443746    2.048450e+00
      1.458746    2.047267e+00
      1.473746    2.046072e+00
      1.488746    2.044864e+00
      1.503746    2.043645e+00
      1.518746    2.042413e+00
      1.533746    2.041171e+00
      1.548746    2.039918e+00
      1.563746    2.038655e+00
      1.578746    2.037381e+00
      1.593746    2.036099e+00
      1.608746    2.034806e+00
      1.623746    2.033505e+00
      1.638746    2.032196e+00
      1.653746    2.030878e+00
      1.668746    2.029553e+00
      1.683746    2.028220e+00
      1.698746    2.026881e+00
      1.713746    2.025534e+00
      1.728746    2.024182e+00
      1.743746    2.022823e+00
      1.758746    2.021459e+00
      1.773746    2.020089e+00
      1.788746    2.018715e+00
      1.803746    2.017335e+00
      1.818746    2.015952e+00
      1.833746    2.014564e+00
      1.848746    2.013173e+00
      1.863746    2.011778e+00
      1.878746    2.010381e+00
      1.893746    2.008980e+00
      1.908746    2.007577e+00
      1.923746    2.006171e+00
      1.938746    2.004764e+00
      1.953746    2.003356e+00
      1.968746    2.001945e+00
      1.983746    2.000534e+00
      1.998746    1.999122e+00
      2.013746    1.997710e+00
      2.028746    1.996297e+00
      2.043746    1.994885e+00
      2.058746    1.993473e+00
      2.073746    1.992062e+00
      2.088746    1.990651e+00
      2.103746    1.989242e+00
      2.118746    1.987834e+00
      2.133746    1.986427e+00
      2.148746    1.985022e+00
      2.163746    1.983619e+00
      2.178746    1.982218e+00
      2.193746    1.980820e+00
      2.208746    1.979424e+00
      2.223746    1.978032e+00
      2.238746    1.976642e+00
      2.253746    1.975255e+00
      2.268746    1.973871e+00
      2.283746    1.972492e+00
      2.298746    1.971116e+00
      2.313746    1.969743e+00
      2.334500    1.967852e+00
      2.358139    1.965708e+00
      2.388139    1.963004e+00
      2.403331    1.961642e+00
      2.414722    1.960624e+00
      2.425532    1.959661e+00
      2.438364    1.958521e+00
      2.450372    1.957458e+00
      2.464383    1.956222e+00
      2.478840    1.954952e+00
      2.491949    1.953805e+00
      2.505645    1.952611e+00
      2.518369    1.951507e+00
      2.531394    1.950380e+00
      2.543299    1.949355e+00
      2.553592    1.948471e+00
      2.563886    1.947591e+00
      2.575748    1.946579e+00
      2.585772    1.945728e+00
      2.595796    1.944879e+00
      2.605292    1.944078e+00
      2.615419    1.943226e+00
      2.625575    1.942375e+00
      2.636722    1.941444e+00
      2.647869    1.940517e+00
      2.659179    1.939580e+00
      2.669448    1.938733e+00
      2.680486    1.937826e+00
      2.690548    1.937002e+00
      2.700754    1.936170e+00
      2.710961    1.935340e+00
      2.722182    1.934432e+00
      2.732677    1.933587e+00
      2.744621    1.932629e+00
      2.756855    1.931652e+00
      2.767238    1.930827e+00
      2.777620    1.930005e+00
      2.787028    1.929264e+00
      2.796437    1.928525e+00
      2.804490    1.927895e+00
      2.812543    1.927267e+00
      2.820942    1.926614e+00
      2.829598    1.925944e+00
      2.839739    1.925162e+00
      2.850585    1.924330e+00
      2.861027    1.923532e+00
      2.875977    1.922396e+00
      2.890344    1.921312e+00
      2.904711    1.920234e+00
      2.919163    1.919157e+00
      2.935757    1.917929e+00
      2.950412    1.916852e+00
      2.962883    1.915942e+00
      2.975353    1.915036e+00
      2.986785    1.914211e+00
      2.997358    1.913452e+00
      3.009194    1.912606e+00
      3.021029    1.911765e+00
      3.039798    1.910442e+00
      3.058484    1.909136e+00
      3.075479    1.907958e+00
      3.094444    1.906655e+00
      3.115420    1.905228e+00
      3.128189    1.904367e+00
      3.140958    1.903511e+00
      3.154135    1.902633e+00
      3.167311    1.901761e+00
      3.179309    1.900972e+00
      3.191306    1.900187e+00
      3.212011    1.898844e+00
      3.232716    1.897514e+00
      3.251519    1.896318e+00
      3.270321    1.895134e+00
      3.292307    1.893762e+00
      3.318096    1.892172e+00
      3.332730    1.891279e+00
      3.346832    1.890424e+00
      3.362116    1.889504e+00
      3.375653    1.888695e+00
      3.389190    1.887891e+00
      3.405509    1.886928e+00
      3.422505    1.885934e+00
      3.438748    1.884991e+00
      3.454483    1.884085e+00
      3.479467    1.882659e+00
      3.495884    1.881732e+00
      3.512301    1.880811e+00
      3.528274    1.879921e+00
      3.544247    1.879038e+00
      3.563680    1.877973e+00
      3.589014    1.876597e+00
      3.614348    1.875238e+00
      3.638165    1.873972e+00
      3.668165    1.872397e+00
      3.698165    1.870842e+00
      3.728165    1.869306e+00
      3.758165    1.867789e+00
      3.786558    1.866369e+00
      3.812276    1.865096e+00
      3.836910    1.863889e+00
      3.858380    1.862845e+00
      3.879055    1.861848e+00
      3.894342    1.861116e+00
      3.908598    1.860436e+00
      3.923269    1.859740e+00
      3.937573    1.859064e+00
      3.950562    1.858454e+00
      3.964132    1.857819e+00
      3.985635    1.856818e+00
      4.011140    1.855640e+00
      4.034198    1.854582e+00
      4.052403    1.853752e+00
      4.070607    1.852927e+00
      4.089595    1.852070e+00
      4.107739    1.851255e+00
      4.124254    1.850517e+00
      4.140120    1.849811e+00
      4.157910    1.849023e+00
      4.173091    1.848353e+00
      4.188272    1.847685e+00
      4.203773    1.847006e+00
      4.219991    1.846298e+00
      4.235785    1.845611e+00
      4.254176    1.844814e+00
      4.278978    1.843744e+00
      4.307135    1.842536e+00
      4.337135    1.841255e+00
      4.367135    1.839982e+00
      4.397135    1.838716e+00
      4.427135    1.837456e+00
      4.452088    1.836412e+00
      4.474670    1.835471e+00
      4.494552    1.834645e+00
      4.512450    1.833903e+00
      4.535713    1.832942e+00
      4.561163    1.831894e+00
      4.587929    1.830795e+00
      4.609589    1.829909e+00
      4.627261    1.829187e+00
      4.644234    1.828496e+00
      4.657424    1.827959e+00
      4.670613    1.827423e+00
      4.685800    1.826807e+00
      4.701388    1.826177e+00
      4.713991    1.825667e+00
      4.725583    1.825199e+00
      4.741220    1.824569e+00
      4.756713    1.823945e+00
      4.771543    1.823349e+00
      4.789965    1.822609e+00
      4.805452    1.821989e+00
      4.820940    1.821370e+00
      4.834075    1.820845e+00
      4.847210    1.820321e+00
      4.859104    1.819847e+00
      4.872583    1.819310e+00
      4.886061    1.818774e+00
      4.901127    1.818176e+00
      4.916806    1.817554e+00
      4.931231    1.816983e+00
      4.945474    1.816420e+00
      4.959776    1.815855e+00
      4.972825    1.815341e+00
      4.985116    1.814856e+00
      5.004891    1.814079e+00
      5.027865    1.813177e+00
      5.050157    1.812304e+00
      5.070594    1.811505e+00
      5.092855    1.810637e+00
      5.109770    1.809979e+00
      5.126686    1.809322e+00
      5.139958    1.808807e+00
      5.152373    1.808326e+00
      5.168076    1.807719e+00
      5.187428    1.806972e+00
      5.205439    1.806278e+00
      5.224134    1.805560e+00
      5.253120    1.804449e+00
      5.283120    1.803302e+00
      5.311055    1.802239e+00
      5.336490    1.801273e+00
      5.359981    1.800385e+00
      5.381201    1.799584e+00
      5.398768    1.798923e+00
      5.415710    1.798287e+00
      5.435548    1.797543e+00
      5.456013    1.796778e+00
      5.475390    1.796056e+00
      5.500563    1.795121e+00
      5.519275    1.794428e+00
      5.536254    1.793801e+00
      5.555755    1.793082e+00
      5.573335    1.792436e+00
      5.589216    1.791854e+00
      5.605430    1.791261e+00
      5.620183    1.790723e+00
      5.634806    1.790190e+00
      5.653595    1.789508e+00
      5.672726    1.788815e+00
      5.702726    1.787733e+00
      5.729859    1.786759e+00
      5.751960    1.785970e+00
      5.774062    1.785183e+00
      5.804062    1.784120e+00
      5.834062    1.783062e+00
      5.854722    1.782337e+00
      5.875382    1.781616e+00
      5.895084    1.780930e+00
      5.921214    1.780026e+00
      5.946393    1.779158e+00
      5.969663    1.778361e+00
      5.989451    1.777687e+00
      6.009240    1.777016e+00
      6.027355    1.776404e+00
      6.045938    1.775779e+00
      6.065022    1.775141e+00
      6.081832    1.774581e+00
      6.098642    1.774024e+00
      6.119582    1.773333e+00
      6.141155    1.772626e+00
      6.161244    1.771971e+00
      6.182403    1.771286e+00
      6.201289    1.770678e+00
      6.218880    1.770115e+00
      6.238482    1.769491e+00
      6.256895    1.768909e+00
      6.283279    1.768081e+00
      6.307365    1.767331e+00
      6.330405    1.766620e+00
      6.351944    1.765960e+00
      6.368308    1.765462e+00
      6.384672    1.764967e+00
      6.400777    1.764483e+00
      6.415779    1.764035e+00
      6.430174    1.763607e+00
      6.445015    1.763169e+00
      6.459700    1.762738e+00
      6.474191    1.762315e+00
      6.490192    1.761850e+00
      6.513454    1.761181e+00
      6.535336    1.760557e+00
      6.549713    1.760150e+00
      6.563614    1.759760e+00
      6.580294    1.759294e+00
      6.595067    1.758884e+00
      6.609356    1.758490e+00
      6.623497    1.758103e+00
      6.637797    1.757714e+00
      6.653004    1.757304e+00
      6.679973    1.756582e+00
      6.709920    1.755792e+00
      6.736950    1.755088e+00
      6.766468    1.754330e+00
      6.793483    1.753646e+00
      6.820906    1.752962e+00
      6.842982    1.752419e+00
      6.863585    1.751917e+00
      6.884111    1.751423e+00
      6.904637    1.750934e+00
      6.926190    1.750428e+00
      6.956190    1.749732e+00
      6.979677    1.749197e+00
      7.003163    1.748668e+00
      7.021662    1.748257e+00
      7.039118    1.747873e+00
      7.057067    1.747483e+00
      7.073252    1.747135e+00
      7.089437    1.746791e+00
      7.111193    1.746333e+00
      7.130652    1.745930e+00
      7.150111    1.745531e+00
      7.180111    1.744926e+00
      7.195859    1.744613e+00
      7.211606    1.744304e+00
      7.229345    1.743959e+00
      7.259345    1.743386e+00
      7.288869    1.742834e+00
      7.306460    1.742510e+00
      7.324050    1.742191e+00
      7.354050    1.741655e+00
      7.382165    1.741163e+00
      7.397485    1.740899e+00
      7.412805    1.740638e+00
      7.438241    1.740212e+00
      7.462493    1.739812e+00
      7.480184    1.739526e+00
      7.497875    1.739243e+00
      7.515000    1.738972e+00
      7.532566    1.738699e+00
      7.562566    1.738240e+00
      7.585787    1.737892e+00
      7.609009    1.737550e+00
      7.638592    1.737123e+00
      7.668592    1.736700e+00
      7.698592    1.736286e+00
      7.728592    1.735882e+00
      7.755804    1.735523e+00
      7.785285    1.735142e+00
      7.815285    1.734764e+00
      7.845285    1.734393e+00
      7.871125    1.734080e+00
      7.896162    1.733783e+00
      7.919158    1.733514e+00
      7.941281    1.733260e+00
      7.959069    1.733058e+00
      7.976856    1.732859e+00
      7.995073    1.732657e+00
      8.015074    1.732439e+00
      8.037469    1.732197e+00
      8.059864    1.731960e+00
      8.080866    1.731740e+00
      8.100984    1.731531e+00
      8.135742    1.731178e+00
      8.172975    1.730807e+00
      8.212975    1.730417e+00
      8.252975    1.730035e+00
      8.292975    1.729661e+00
      8.332975    1.729294e+00
      8.372975    1.728933e+00
      8.412975    1.728578e+00
      8.452975    1.728229e+00
      8.492975    1.727884e+00
      8.532975    1.727543e+00
      8.572975    1.727207e+00
      8.612975    1.726874e+00
      8.650164    1.726566e+00
      8.690164    1.726238e+00
      8.730164    1.725913e+00
      8.770164    1.725588e+00
      8.810164    1.725265e+00
      8.850164    1.724943e+00
      8.890164    1.724621e+00
      8.930164    1.724300e+00
      8.970164    1.723979e+00
      9.010070    1.723658e+00
      9.050070    1.723336e+00
      9.090070    1.723013e+00
      9.130070    1.722689e+00
      9.170070    1.722363e+00
      9.210070    1.722037e+00
      9.250070    1.721708e+00
      9.290070    1.721378e+00
      9.330070    1.721046e+00
      9.370070    1.720713e+00
      9.410070    1.720377e+00
      9.450070    1.720040e+00
      9.490070    1.719700e+00
      9.530070    1.719359e+00
      9.570070    1.719015e+00
      9.610070    1.718671e+00
      9.650070    1.718324e+00
      9.689742    1.717980e+00
      9.724602    1.717676e+00
      9.759461    1.717372e+00
      9.795644    1.717055e+00
      9.835644    1.716705e+00
      9.875644    1.716354e+00
      9.911235    1.716042e+00
      9.946825    1.715730e+00
      9.985135    1.715394e+00
      10.022865    1.715065e+00
      10.062715    1.714718e+00
      10.102715    1.714371e+00
      10.142715    1.714025e+00
      10.179626    1.713708e+00
      10.219626    1.713366e+00
      10.259626    1.713026e+00
      10.299626    1.712689e+00
      10.339626    1.712355e+00
      10.379626    1.712023e+00
      10.419626    1.711695e+00
      10.459626    1.711369e+00
      10.499626    1.711047e+00
      10.539626    1.710728e+00
      10.579626    1.710413e+00
      10.618571    1.710110e+00
      10.658571    1.709802e+00
      10.698571    1.709499e+00
      10.738571    1.709199e+00
      10.778571    1.708903e+00
      10.818571    1.708612e+00
      10.858571    1.708324e+00
      10.898571    1.708042e+00
      10.938571    1.707763e+00
      10.978571    1.707489e+00
      11.018571    1.707220e+00
      11.058571    1.706955e+00
      11.098571    1.706694e+00
      11.138571    1.706438e+00
      11.178571    1.706187e+00
      11.218571    1.705940e+00
      11.258571    1.705698e+00
      11.298571    1.705461e+00
      11.338571    1.705228e+00
      11.378571    1.705000e+00
      11.418571    1.704777e+00
      11.458571    1.704557e+00
      11.498571    1.704342e+00
      11.538571    1.704133e+00
      11.578571    1.703926e+00
      11.618571    1.703725e+00
      11.658571    1.703527e+00
      11.698571    1.703334e+00
      11.738571    1.703145e+00
      11.778571    1.702959e+00
      11.818571    1.702777e+00
      11.858571    1.702599e+00
      11.898571    1.702425e+00
      11.938571    1.702254e+00
      11.978571    1.702087e+00
      12.018571    1.701922e+00
      12.058571    1.701761e+00
      12.098571    1.701603e+00
      12.138571    1.701448e+00
      12.178571    1.701296e+00
      12.218571    1.701147e+00
      12.258571    1.701001e+00
      12.298571    1.700856e+00
      12.338571    1.700715e+00
      12.378571    1.700576e+00
      12.418571    1.700438e+00
      12.458571    1.700303e+00
      12.498571    1.700171e+00
      12.538571    1.700041e+00
      12.578571    1.699912e+00
      12.618571    1.699786e+00
      12.658571    1.699661e+00
      12.698571    1.699539e+00
      12.738147    1.699419e+00
      12.778147    1.699300e+00
      12.818147    1.699183e+00
      12.858147    1.699067e+00
      12.898147    1.698953e+00
      12.937120    1.698844e+00
      12.977120    1.698733e+00
      13.017120    1.698624e+00
      13.057120    1.698517e+00
      13.097120    1.698412e+00
      13.137120    1.698308e+00
      13.177120    1.698205e+00
      13.217120    1.698104e+00
      13.257120    1.698005e+00
      13.297120    1.697908e+00
      13.337120    1.697812e+00
      13.377120    1.697717e+00
      13.417120    1.697625e+00
      13.457120    1.697534e+00
      13.497120    1.697444e+00
      13.537120    1.697357e+00
      13.577120    1.697271e+00
      13.617120    1.697187e+00
      13.657120    1.697105e+00
      13.697120    1.697025e+00
      13.737120    1.696946e+00
      13.777120    1.696869e+00
      13.817120    1.696794e+00
      13.857120    1.696721e+00
      13.897120    1.696649e+00
      13.937120    1.696580e+00
      13.977120    1.696512e+00
      14.017120    1.696446e+00
      14.057120    1.696381e+00
      14.097120    1.696318e+00
      14.137120    1.696257e+00
      14.177120    1.696198e+00
      14.217120    1.696139e+00
      14.257120    1.696082e+00
      14.297120    1.696027e+00
      14.337120    1.695973e+00
      14.377120    1.695920e+00
      14.417120    1.695869e+00
      14.457120    1.695818e+00
      14.497120    1.695769e+00
      14.537120    1.695720e+00
      14.577120    1.695673e+00
      14.617120    1.695626e+00
      14.657120    1.695580e+00
      14.697120    1.695535e+00
      14.737120    1.695491e+00
      14.777120    1.695447e+00
      14.817120    1.695404e+00
      14.857120    1.695361e+00
      14.897120    1.695319e+00
      14.937120    1.695277e+00
      14.977120    1.695236e+00
      15.017120    1.695195e+00
      15.057120    1.695154e+00
      15.097120    1.695113e+00
      15.137120    1.695072e+00
      15.177120    1.695032e+00
      15.217120    1.694992e+00
      15.257120    1.694952e+00
      15.297120    1.694911e+00
      15.337120    1.694871e+00
      15.377120    1.694831e+00
      15.417120    1.694791e+00
      15.457120    1.694751e+00
      15.497120    1.694711e+00
      15.537120    1.694671e+00
      15.577120    1.694630e+00
      15.617120    1.694591e+00
      15.657120    1.694551e+00
      15.697120    1.694510e+00
      15.737120    1.694470e+00
      15.777120    1.694430e+00
      15.817120    1.694391e+00
      15.857120    1.694351e+00
      15.897120    1.694311e+00
      15.937120    1.694273e+00
      15.977120    1.694234e+00
      16.017120    1.694195e+00
      16.057120    1.694156e+00
      16.097120    1.694119e+00
      16.137120    1.694081e+00
      16.177120    1.694045e+00
      16.217120    1.694009e+00
      16.257120    1.693973e+00
      16.297120    1.693939e+00
      16.337120    1.693905e+00
      16.377120    1.693872e+00
      16.417120    1.693840e+00
      16.457120    1.693809e+00
      16.497120    1.693778e+00
      16.537120    1.693749e+00
      16.577120    1.693721e+00
      16.617120    1.693695e+00
      16.657120    1.693669e+00
      16.697120    1.693644e+00
      16.737120    1.693622e+00
      16.777120    1.693600e+00
      16.817120    1.693580e+00
      16.857120    1.693560e+00
      16.897120    1.693542e+00
      16.937120    1.693526e+00
      16.977120    1.693511e+00
      17.017120    1.693497e+00
      17.057120    1.693485e+00
      17.097120    1.693474e+00
      17.137120    1.693464e+00
      17.177120    1.693456e+00
      17.217120    1.693449e+00
      17.257120    1.693443e+00
      17.297120    1.693439e+00
      17.337120    1.693435e+00
      17.377120    1.693433e+00
      17.417120    1.693432e+00
      17.457120    1.693433e+00
      17.497120    1.693434e+00
      17.537120    1.693437e+00
      17.577120    1.693441e+00
      17.617120    1.693446e+00
      17.657120    1.693451e+00
      17.697120    1.693459e+00
      17.737120    1.693467e+00
      17.777120    1.693476e+00
      17.817120    1.693486e+00
      17.857120    1.693497e+00
      17.897120    1.693509e+00
      17.937120    1.693523e+00
      17.977120    1.693536e+00
      18.017120    1.693551e+00
      18.057120    1.693567e+00
      18.097120    1.693584e+00
      18.137120    1.693602e+00
      18.177120    1.693620e+00
      18.217120    1.693640e+00
      18.257120    1.693661e+00
      18.297120    1.693682e+00
      18.333901    1.693702e+00
      18.373901    1.693725e+00
      18.413901    1.693749e+00
      18.453901    1.693773e+00
      18.493901    1.693799e+00
      18.533901    1.693825e+00
      18.573901    1.693852e+00
      18.613901    1.693880e+00
      18.653901    1.693908e+00
      18.693901    1.693937e+00
      18.733901    1.693967e+00
      18.773901    1.693997e+00
      18.813901    1.694028e+00
      18.853901    1.694060e+00
      18.893901    1.694091e+00
      18.933901    1.694124e+00
      18.973901    1.694156e+00
      19.013901    1.694189e+00
      19.053901    1.694222e+00
      19.093901    1.694255e+00
      19.133901    1.694288e+00
      19.173901    1.694321e+00
      19.213901    1.694354e+00
      19.253901    1.694387e+00
      19.293901    1.694420e+00
      19.333901    1.694453e+00
      19.373901    1.694485e+00
      19.413901    1.694517e+00
      19.453901    1.694548e+00
      19.493901    1.694579e+00
      19.533901    1.694610e+00
      19.573901    1.694640e+00
      19.613901    1.694669e+00
      19.653901    1.694698e+00
      19.693901    1.694726e+00
      19.733901    1.694754e+00
      19.773901    1.694781e+00
      19.813901    1.694807e+00
      19.853901    1.694833e+00
      19.893901    1.694858e+00
      19.933901    1.694882e+00
      19.973901    1.694905e+00
      20.013901    1.694928e+00
      20.053901    1.694949e+00
      20.093901    1.694971e+00
      20.133901    1.694991e+00
      20.173901    1.695011e+00
      20.213901    1.695030e+00
      20.253901    1.695048e+00
      20.293901    1.695065e+00
      20.333901    1.695081e+00
      20.373901    1.695098e+00
      20.413901    1.695112e+00
      20.453901    1.695127e+00
      20.493901    1.695140e+00
      20.533901    1.695153e+00
      20.583901    1.695168e+00
      20.633901    1.695183e+00
      20.683901    1.695195e+00
      20.733901    1.695207e+00
      20.783901    1.695219e+00
      20.833901    1.695229e+00
      20.883901    1.695239e+00
      20.933901    1.695247e+00
      20.983901    1.695255e+00
      21.033901    1.695263e+00
      21.083901    1.695269e+00
      21.133901    1.695275e+00
      21.183901    1.695281e+00
      21.233901    1.695286e+00
      21.283901    1.695291e+00
      21.333901    1.695295e+00
      21.383901    1.695299e+00
      21.433901    1.695302e+00
      21.483901    1.695306e+00
      21.533901    1.695309e+00
      21.583901    1.695311e+00
      21.633901    1.695314e+00
      21.683901    1.695317e+00
      21.733901    1.695319e+00
      21.783901    1.695321e+00
      21.833901    1.695323e+00
      21.883901    1.695325e+00
      21.933901    1.695327e+00
      21.983901    1.695329e+00
      22.033901    1.695331e+00
      22.083901    1.695333e+00
      22.133901    1.695335e+00
      22.183901    1.695336e+00
      22.233901    1.695338e+00
      22.283901    1.695340e+00
      22.333901    1.695341e+00
      22.383901    1.695343e+00
      22.433901    1.695344e+00
      22.483901    1.695345e+00
      22.533901    1.695347e+00
      22.583901    1.695347e+00
      22.633901    1.695348e+00
      22.683901    1.695348e+00
      22.733901    1.695349e+00
      22.783901    1.695348e+00
      22.833901    1.695348e+00
      22.883901    1.695346e+00
      22.933901    1.695345e+00
      22.983062    1.695342e+00
      23.033062    1.695339e+00
      23.083062    1.695336e+00
      23.133062    1.695331e+00
      23.183062    1.695326e+00
      23.233062    1.695320e+00
      23.283062    1.695313e+00
      23.333062    1.695305e+00
      23.383062    1.695296e+00
      23.433062    1.695286e+00
      23.483062    1.695275e+00
      23.533062    1.695264e+00
      23.583062    1.695250e+00
      23.633062    1.695236e+00
      23.683062    1.695220e+00
      23.733062    1.695204e+00
      23.783062    1.695186e+00
      23.833062    1.695168e+00
      23.883062    1.695148e+00
      23.933062    1.695127e+00
      23.983062    1.695106e+00
      24.033062    1.695083e+00
      24.083062    1.695060e+00
      24.133062    1.695035e+00
      24.183062    1.695010e+00
      24.233062    1.694984e+00
      24.283062    1.694958e+00
      24.333062    1.694931e+00
      24.383062    1.694903e+00
      24.433062    1.694875e+00
      24.483062    1.694847e+00
      24.533062    1.694819e+00
      24.583062    1.694790e+00
      24.633062    1.694761e+00
      24.683062    1.694733e+00
      24.733062    1.694705e+00
      24.783062    1.694677e+00
      24.833062    1.694649e+00
      24.883062    1.694622e+00
      24.933062    1.694594e+00
      24.983062    1.694567e+00
      25.033062    1.694542e+00
      25.083062    1.694516e+00
      25.133062    1.694491e+00
      25.183062    1.694467e+00
      25.233062    1.694444e+00
      25.283062    1.694422e+00
      25.333062    1.694400e+00
      25.383062    1.694379e+00
      25.433062    1.694360e+00
      25.483062    1.694341e+00
      25.533062    1.694323e+00
      25.583062    1.694306e+00
      25.633062    1.694291e+00
      25.683062    1.694276e+00
      25.733062    1.694262e+00
      25.783062    1.694250e+00
      25.833062    1.694239e+00
      25.883062    1.694228e+00
      25.933062    1.694219e+00
      25.983062    1.694210e+00
      26.033062    1.694203e+00
      26.083062    1.694197e+00
      26.133062    1.694192e+00
      26.183062    1.694187e+00
      26.233062    1.694184e+00
      26.283062    1.694181e+00
      26.333062    1.694180e+00
      26.383062    1.694178e+00
      26.433062    1.694178e+00
      26.483062    1.694178e+00
      26.533062    1.694179e+00
      26.583062    1.694180e+00
      26.633062    1.694182e+00
      26.683062    1.694184e+00
      26.733062    1.694186e+00
      26.783062    1.694189e+00
      26.833062    1.694192e+00
      26.883062    1.694195e+00
      26.933062    1.694198e+00
      26.983062    1.694201e+00
      27.033062    1.694205e+00
      27.083062    1.694208e+00
      27.133062    1.694211e+00
      27.183062    1.694214e+00
      27.233062    1.694216e+00
      27.283062    1.694219e+00
      27.333062    1.694221e+00
      27.383062    1.694223e+00
      27.433062    1.694224e+00
      27.483062    1.694226e+00
      27.533062    1.694227e+00
      27.583062    1.694227e+00
      27.633062    1.694227e+00
      27.683062    1.694227e+00
      27.733062    1.694226e+00
      27.783062    1.694225e+00
      27.833062    1.694223e+00
      27.883062    1.694221e+00
      27.933062    1.694218e+00
      27.983062    1.694216e+00
      28.033062    1.694212e+00
      28.083062    1.694209e+00
      28.133062    1.694204e+00
      28.183062    1.694199e+00
      28.233062    1.694194e+00
      28.283062    1.694188e+00
      28.333062    1.694182e+00
      28.383062    1.694176e+00
      28.433062    1.694169e+00
      28.483062    1.694162e+00
      28.533062    1.694155e+00
      28.583062    1.694147e+00
      28.633062    1.694139e+00
      28.683062    1.694131e+00
      28.733062    1.694123e+00
      28.783062    1.694115e+00
      28.833062    1.694106e+00
      28.883062    1.694098e+00
      28.933062    1.694089e+00
      28.983062    1.694080e+00
      29.033062    1.694072e+00
      29.083062    1.694063e+00
      29.133062    1.694055e+00
      29.183062    1.694047e+00
      29.233062    1.694039e+00
      29.283062    1.694030e+00
      29.333062    1.694023e+00
      29.383062    1.694015e+00
      29.433062    1.694008e+00
      29.483062    1.694002e+00
      29.533062    1.693995e+00
      29.583062    1.693989e+00
      29.633062    1.693983e+00
      29.683062    1.693978e+00
      29.733062    1.693973e+00
      29.783062    1.693969e+00
      29.833062    1.693965e+00
      29.883062    1.693961e+00
      29.933062    1.693958e+00
      29.983062    1.693955e+00
      30.000000    1.693955e+00
