      0.000140    2.097991e+00
      0.000266    2.097991e+00
      0.000398    2.097991e+00
      0.000521    2.097992e+00
      0.000658    2.097992e+00
      0.000795    2.097992e+00
      0.000925    2.097993e+00
      0.001077    2.097993e+00
      0.001290    2.097993e+00
      0.001587    2.097993e+00
      0.001892    2.097994e+00
      0.002308    2.097994e+00
      0.002733    2.097994e+00
      0.003298    2.097994e+00
      0.003808    2.097995e+00
      0.004268    2.097995e+00
      0.004787    2.097995e+00
      0.005306    2.097996e+00
      0.005757    2.097996e+00
      0.006208    2.097996e+00
      0.006630    2.097996e+00
      0.007169    2.097997e+00
      0.007687    2.097997e+00
      0.008307    2.097997e+00
      0.008928    2.097997e+00
      0.009635    2.097997e+00
      0.010743    2.097997e+00
      0.012251    2.097997e+00
      0.013760    2.097997e+00
      0.015316    2.097996e+00
      0.016558    2.097995e+00
      0.017799    2.097995e+00
      0.019898    2.097994e+00
      0.022777    2.097992e+00
      0.025756    2.097990e+00
      0.028825    2.097989e+00
      0.031893    2.097987e+00
      0.034926    2.097985e+00
      0.037688    2.097983e+00
      0.041471    2.097981e+00
      0.045255    2.097978e+00
      0.049124    2.097975e+00
      0.051781    2.097973e+00
      0.054437    2.097970e+00
      0.056886    2.097968e+00
      0.059260    2.097966e+00
      0.062021    2.097964e+00
      0.064577    2.097962e+00
      0.067279    2.097960e+00
      0.069740    2.097957e+00
      0.072960    2.097954e+00
      0.075571    2.097952e+00
      0.077856    2.097950e+00
      0.080134    2.097948e+00
      0.082428    2.097945e+00
      0.084752    2.097943e+00
      0.087681    2.097940e+00
      0.091020    2.097937e+00
      0.094479    2.097933e+00
      0.097894    2.097930e+00
      0.101659    2.097926e+00
      0.105736    2.097923e+00
      0.109616    2.097919e+00
      0.113704    2.097916e+00
      0.118873    2.097912e+00
      0.123251    2.097908e+00
      0.127565    2.097905e+00
      0.131292    2.097903e+00
      0.135020    2.097900e+00
      0.139745    2.097897e+00
      0.144844    2.097894e+00
      0.149919    2.097892e+00
      0.154607    2.097889e+00
      0.159893    2.097887e+00
      0.164789    2.097885e+00
      0.171326    2.097881e+00
      0.177047    2.097878e+00
      0.182769    2.097875e+00
      0.188511    2.097872e+00
      0.193861    2.097869e+00
      0.198261    2.097867e+00
      0.201823    2.097865e+00
      0.205237    2.097864e+00
      0.208573    2.097862e+00
      0.212548    2.097861e+00
      0.217371    2.097859e+00
      0.222988    2.097856e+00
      0.228252    2.097854e+00
      0.236294    2.097850e+00
      0.242134    2.097847e+00
      0.247974    2.097844e+00
      0.254211    2.097839e+00
      0.260447    2.097835e+00
      0.268047    2.097829e+00
      0.276440    2.097821e+00
      0.283322    2.097814e+00
      0.290205    2.097806e+00
      0.297536    2.097797e+00
      0.306509    2.097784e+00
      0.316233    2.097769e+00
      0.327453    2.097750e+00
      0.335986    2.097733e+00
      0.344518    2.097714e+00
      0.352433    2.097695e+00
      0.362628    2.097668e+00
      0.373575    2.097636e+00
      0.385130    2.097597e+00
      0.395683    2.097558e+00
      0.405424    2.097518e+00
      0.414268    2.097478e+00
      0.423014    2.097435e+00
      0.432810    2.097383e+00
      0.441857    2.097331e+00
      0.451973    2.097269e+00
      0.464243    2.097185e+00
      0.484326    2.097031e+00
      0.503017    2.096867e+00
      0.521499    2.096683e+00
      0.539667    2.096481e+00
      0.553091    2.096317e+00
      0.566516    2.096139e+00
      0.581380    2.095927e+00
      0.599382    2.095647e+00
      0.616276    2.095359e+00
      0.633171    2.095048e+00
      0.648485    2.094744e+00
      0.663373    2.094428e+00
      0.683248    2.093975e+00
      0.709088    2.093331e+00
      0.724952    2.092904e+00
      0.738903    2.092508e+00
      0.752854    2.092092e+00
      0.765094    2.091711e+00
      0.776033    2.091357e+00
      0.786760    2.090998e+00
      0.796079    2.090677e+00
      0.805399    2.090346e+00
      0.814669    2.090008e+00
      0.823939    2.089661e+00
      0.838265    2.089107e+00
      0.851995    2.088555e+00
      0.874840    2.087592e+00
      0.902410    2.086355e+00
      0.928718    2.085098e+00
      0.957965    2.083614e+00
      0.978585    2.082512e+00
      0.999205    2.081365e+00
      1.018934    2.080226e+00
      1.038664    2.079047e+00
      1.064918    2.077416e+00
      1.092535    2.075625e+00
      1.112564    2.074280e+00
      1.128491    2.073182e+00
      1.144417    2.072060e+00
      1.159234    2.070995e+00
      1.174051    2.069909e+00
      1.191696    2.068590e+00
      1.207889    2.067354e+00
      1.224083    2.066095e+00
      1.247886    2.064202e+00
      1.278001    2.061739e+00
      1.303570    2.059588e+00
      1.329138    2.057384e+00
      1.363975    2.054301e+00
      1.396838    2.051311e+00
      1.428852    2.048326e+00
      1.457681    2.045582e+00
      1.485191    2.042916e+00
      1.519064    2.039573e+00
      1.558249    2.035630e+00
      1.596095    2.031752e+00
      1.634645    2.027736e+00
      1.674645    2.023509e+00
      1.714645    2.019227e+00
      1.749125    2.015500e+00
      1.783605    2.011743e+00
      1.818305    2.007940e+00
      1.855766    2.003813e+00
      1.890501    1.999973e+00
      1.930280    1.995566e+00
      1.970280    1.991132e+00
      2.010280    1.986703e+00
      2.043019    1.983087e+00
      2.071224    1.979981e+00
      2.099429    1.976886e+00
      2.130158    1.973531e+00
      2.160953    1.970188e+00
      2.197554    1.966244e+00
      2.226841    1.963115e+00
      2.254159    1.960220e+00
      2.281195    1.957378e+00
      2.315459    1.953814e+00
      2.349375    1.950331e+00
      2.380026    1.947223e+00
      2.417866    1.943443e+00
      2.457390    1.939565e+00
      2.497390    1.935717e+00
      2.537390    1.931950e+00
      2.571269    1.928825e+00
      2.604073    1.925859e+00
      2.638271    1.922830e+00
      2.665401    1.920474e+00
      2.692530    1.918161e+00
      2.719885    1.915871e+00
      2.748047    1.913560e+00
      2.774166    1.911458e+00
      2.804346    1.909080e+00
      2.834526    1.906756e+00
      2.864113    1.904530e+00
      2.898970    1.901974e+00
      2.932705    1.899569e+00
      2.962609    1.897492e+00
      2.990994    1.895569e+00
      3.015128    1.893970e+00
      3.039262    1.892405e+00
      3.059618    1.891109e+00
      3.079974    1.889836e+00
      3.112967    1.887821e+00
      3.152967    1.885456e+00
      3.188164    1.883443e+00
      3.221878    1.881572e+00
      3.255567    1.879759e+00
      3.286098    1.878162e+00
      3.321702    1.876354e+00
      3.358146    1.874561e+00
      3.391109    1.872988e+00
      3.417458    1.871762e+00
      3.443806    1.870564e+00
      3.473528    1.869245e+00
      3.506195    1.867832e+00
      3.546195    1.866154e+00
      3.586195    1.864528e+00
      3.624179    1.863030e+00
      3.664179    1.861499e+00
      3.704179    1.860010e+00
      3.744179    1.858562e+00
      3.784179    1.857150e+00
      3.824179    1.855771e+00
      3.864179    1.854423e+00
      3.904179    1.853102e+00
      3.944179    1.851805e+00
      3.982636    1.850577e+00
      4.022636    1.849318e+00
      4.061452    1.848111e+00
      4.097453    1.847002e+00
      4.130495    1.845991e+00
      4.161045    1.845062e+00
      4.201045    1.843851e+00
      4.237178    1.842761e+00
      4.275672    1.841602e+00
      4.314301    1.840439e+00
      4.352817    1.839278e+00
      4.387571    1.838230e+00
      4.419885    1.837252e+00
      4.449282    1.836359e+00
      4.479560    1.835436e+00
      4.509797    1.834510e+00
      4.544124    1.833453e+00
      4.578451    1.832390e+00
      4.618451    1.831142e+00
      4.658451    1.829884e+00
      4.697065    1.828658e+00
      4.737065    1.827376e+00
      4.777065    1.826082e+00
      4.814022    1.824874e+00
      4.853859    1.823560e+00
      4.893859    1.822227e+00
      4.927308    1.821101e+00
      4.960757    1.819965e+00
      5.000757    1.818595e+00
      5.040757    1.817210e+00
      5.080757    1.815812e+00
      5.120757    1.814401e+00
      5.157752    1.813084e+00
      5.197397    1.811661e+00
      5.232592    1.810389e+00
      5.266010    1.809172e+00
      5.299468    1.807947e+00
      5.332001    1.806748e+00
      5.368055    1.805413e+00
      5.408055    1.803923e+00
      5.445345    1.802527e+00
      5.485345    1.801023e+00
      5.525345    1.799512e+00
      5.565345    1.797996e+00
      5.604297    1.796516e+00
      5.644297    1.794993e+00
      5.684297    1.793466e+00
      5.724297    1.791938e+00
      5.764297    1.790409e+00
      5.804297    1.788881e+00
      5.844297    1.787353e+00
      5.884297    1.785827e+00
      5.924297    1.784304e+00
      5.964297    1.782785e+00
      6.004297    1.781271e+00
      6.044297    1.779762e+00
      6.084297    1.778259e+00
      6.124297    1.776765e+00
      6.164297    1.775278e+00
      6.204297    1.773802e+00
      6.244297    1.772335e+00
      6.284297    1.770880e+00
      6.324297    1.769436e+00
      6.364297    1.768006e+00
      6.404297    1.766589e+00
      6.444297    1.765188e+00
      6.484297    1.763802e+00
      6.524297    1.762432e+00
      6.564297    1.761080e+00
      6.604297    1.759746e+00
      6.644297    1.758431e+00
      6.681185    1.757235e+00
      6.721185    1.755958e+00
      6.761185    1.754702e+00
      6.801185    1.753468e+00
      6.841185    1.752255e+00
      6.881185    1.751066e+00
      6.921185    1.749899e+00
      6.959045    1.748816e+00
      6.999045    1.747696e+00
      7.039045    1.746600e+00
      7.078152    1.745552e+00
      7.117968    1.744510e+00
      7.156336    1.743529e+00
      7.195867    1.742543e+00
      7.235867    1.741570e+00
      7.275867    1.740623e+00
      7.315867    1.739701e+00
      7.355867    1.738805e+00
      7.395867    1.737933e+00
      7.435867    1.737087e+00
      7.474641    1.736291e+00
      7.514000    1.735506e+00
      7.554000    1.734733e+00
      7.592025    1.734020e+00
      7.627102    1.733382e+00
      7.663701    1.732735e+00
      7.703701    1.732051e+00
      7.743701    1.731388e+00
      7.782100    1.730774e+00
      7.822100    1.730155e+00
      7.862100    1.729557e+00
      7.902100    1.728979e+00
      7.942100    1.728421e+00
      7.982100    1.727883e+00
      8.022100    1.727363e+00
      8.062100    1.726861e+00
      8.102100    1.726376e+00
      8.142100    1.725908e+00
      8.182100    1.725456e+00
      8.222100    1.725019e+00
      8.259261    1.724626e+00
      8.299261    1.724215e+00
      8.339261    1.723819e+00
      8.379261    1.723434e+00
      8.419261    1.723061e+00
      8.459261    1.722700e+00
      8.499261    1.722349e+00
      8.539261    1.722007e+00
      8.579261    1.721674e+00
      8.618957    1.721352e+00
      8.658957    1.721036e+00
      8.698957    1.720727e+00
      8.738957    1.720424e+00
      8.778957    1.720127e+00
      8.818957    1.719836e+00
      8.858957    1.719549e+00
      8.898957    1.719268e+00
      8.938957    1.718989e+00
      8.978957    1.718714e+00
      9.018957    1.718443e+00
      9.058957    1.718173e+00
      9.098957    1.717906e+00
      9.138957    1.717640e+00
      9.178957    1.717376e+00
      9.218957    1.717112e+00
      9.258957    1.716850e+00
      9.298957    1.716587e+00
      9.338957    1.716324e+00
      9.378957    1.716061e+00
      9.418957    1.715798e+00
      9.458957    1.715534e+00
      9.498957    1.715268e+00
      9.538957    1.715002e+00
      9.578957    1.714734e+00
      9.618957    1.714464e+00
      9.658957    1.714193e+00
      9.698957    1.713921e+00
      9.738957    1.713646e+00
      9.778957    1.713370e+00
      9.818957    1.713092e+00
      9.858957    1.712811e+00
      9.898957    1.712530e+00
      9.938957    1.712246e+00
      9.978957    1.711959e+00
      10.018957    1.711672e+00
      10.058957    1.711382e+00
      10.098957    1.711091e+00
      10.138957    1.710798e+00
      10.178957    1.710503e+00
      10.218957    1.710207e+00
      10.258957    1.709910e+00
      10.298957    1.709611e+00
      10.338957    1.709312e+00
      10.378957    1.709011e+00
      10.418957    1.708710e+00
      10.458957    1.708409e+00
      10.498957    1.708107e+00
      10.538957    1.707805e+00
      10.578957    1.707502e+00
      10.618957    1.707201e+00
      10.658957    1.706899e+00
      10.698957    1.706598e+00
      10.738957    1.706298e+00
      10.778957    1.706000e+00
      10.818957    1.705702e+00
      10.858957    1.705406e+00
      10.898957    1.705111e+00
      10.937791    1.704827e+00
      10.977791    1.704536e+00
      11.017791    1.704248e+00
      11.057791    1.703962e+00
      11.097791    1.703678e+00
      11.137791    1.703397e+00
      11.177791    1.703120e+00
      11.217791    1.702845e+00
      11.257791    1.702574e+00
      11.297791    1.702306e+00
      11.337791    1.702042e+00
      11.377791    1.701781e+00
      11.416727    1.701531e+00
      11.456727    1.701278e+00
      11.496727    1.701030e+00
      11.536727    1.700785e+00
      11.576727    1.700544e+00
      11.616727    1.700309e+00
      11.656727    1.700077e+00
      11.696727    1.699850e+00
      11.736727    1.699627e+00
      11.776727    1.699409e+00
      11.816727    1.699196e+00
      11.856727    1.698987e+00
      11.896727    1.698783e+00
      11.936727    1.698583e+00
      11.976727    1.698388e+00
      12.016727    1.698198e+00
      12.056727    1.698012e+00
      12.096727    1.697831e+00
      12.136727    1.697654e+00
      12.176727    1.697482e+00
      12.216727    1.697314e+00
      12.256727    1.697151e+00
      12.296727    1.696992e+00
      12.336727    1.696837e+00
      12.376727    1.696686e+00
      12.416727    1.696539e+00
      12.456727    1.696397e+00
      12.496727    1.696258e+00
      12.536727    1.696123e+00
      12.576727    1.695992e+00
      12.616727    1.695864e+00
      12.656727    1.695739e+00
      12.696727    1.695618e+00
      12.736727    1.695501e+00
      12.776727    1.695386e+00
      12.816727    1.695275e+00
      12.856727    1.695166e+00
      12.896727    1.695061e+00
      12.936727    1.694957e+00
      12.976727    1.694857e+00
      13.016727    1.694759e+00
      13.056727    1.694664e+00
      13.096727    1.694571e+00
      13.136727    1.694480e+00
      13.176727    1.694391e+00
      13.216727    1.694304e+00
      13.256727    1.694219e+00
      13.296727    1.694135e+00
      13.336727    1.694053e+00
      13.376727    1.693973e+00
      13.416727    1.693895e+00
      13.456727    1.693817e+00
      13.496727    1.693741e+00
      13.536727    1.693666e+00
      13.576727    1.693592e+00
      13.616727    1.693520e+00
      13.656727    1.693448e+00
      13.696727    1.693378e+00
      13.736727    1.693308e+00
      13.776727    1.693239e+00
      13.816727    1.693170e+00
      13.856727    1.693102e+00
      13.896727    1.693035e+00
      13.936727    1.692968e+00
      13.976727    1.692902e+00
      14.016727    1.692837e+00
      14.056727    1.692772e+00
      14.096727    1.692707e+00
      14.136727    1.692643e+00
      14.176727    1.692579e+00
      14.216727    1.692515e+00
      14.256727    1.692452e+00
      14.296727    1.692389e+00
      14.336727    1.692326e+00
      14.376727    1.692264e+00
      14.416727    1.692202e+00
      14.456727    1.692140e+00
      14.496727    1.692078e+00
      14.536727    1.692016e+00
      14.576727    1.691955e+00
      14.616727    1.691895e+00
      14.656727    1.691834e+00
      14.696727    1.691773e+00
      14.736727    1.691713e+00
      14.776727    1.691654e+00
      14.816727    1.691594e+00
      14.856727    1.691535e+00
      14.896727    1.691476e+00
      14.936727    1.691418e+00
      14.976727    1.691359e+00
      15.016727    1.691302e+00
      15.056727    1.691245e+00
      15.096727    1.691188e+00
      15.136727    1.691132e+00
      15.176727    1.691076e+00
      15.216727    1.691020e+00
      15.256727    1.690965e+00
      15.296727    1.690911e+00
      15.336727    1.690857e+00
      15.376727    1.690804e+00
      15.416727    1.690752e+00
      15.456727    1.690700e+00
      15.496727    1.690649e+00
      15.536727    1.690598e+00
      15.576727    1.690548e+00
      15.616727    1.690498e+00
      15.656727    1.690450e+00
      15.696727    1.690402e+00
      15.736727    1.690355e+00
      15.776727    1.690309e+00
      15.816727    1.690263e+00
      15.856727    1.690218e+00
      15.896727    1.690175e+00
      15.936727    1.690131e+00
      15.976727    1.690089e+00
      16.016727    1.690048e+00
      16.056727    1.690007e+00
      16.096727    1.689967e+00
      16.136727    1.689928e+00
      16.176727    1.689890e+00
      16.216727    1.689852e+00
      16.256727    1.689816e+00
      16.296727    1.689780e+00
      16.336727    1.689745e+00
      16.376727    1.689711e+00
      16.416727    1.689678e+00
      16.456727    1.689646e+00
      16.496727    1.689614e+00
      16.536727    1.689583e+00
      16.576727    1.689554e+00
      16.616727    1.689524e+00
      16.656727    1.689496e+00
      16.696727    1.689469e+00
      16.736727    1.689442e+00
      16.776727    1.689416e+00
      16.816727    1.689391e+00
      16.856727    1.689366e+00
      16.896727    1.689343e+00
      16.936727    1.689319e+00
      16.976727    1.689297e+00
      17.016727    1.689276e+00
      17.056727    1.689254e+00
      17.096727    1.689234e+00
      17.136727    1.689214e+00
      17.176727    1.689195e+00
      17.216727    1.689177e+00
      17.256727    1.689159e+00
      17.296727    1.689141e+00
      17.336727    1.689124e+00
      17.376727    1.689108e+00
      17.416727    1.689092e+00
      17.456727    1.689077e+00
      17.496727    1.689063e+00
      17.536727    1.689048e+00
      17.576727    1.689034e+00
      17.616727    1.689021e+00
      17.656727    1.689008e+00
      17.696727    1.688996e+00
      17.736727    1.688984e+00
      17.776727    1.688972e+00
      17.816727    1.688960e+00
      17.856727    1.688949e+00
      17.896727    1.688939e+00
      17.936727    1.688928e+00
      17.976727    1.688918e+00
      18.016727    1.688909e+00
      18.056727    1.688900e+00
      18.096727    1.688890e+00
      18.136727    1.688882e+00
      18.176727    1.688873e+00
      18.216727    1.688865e+00
      18.256727    1.688857e+00
      18.296727    1.688849e+00
      18.336727    1.688841e+00
      18.376727    1.688834e+00
      18.416727    1.688827e+00
      18.456727    1.688820e+00
      18.496727    1.688814e+00
      18.536727    1.688807e+00
      18.576727    1.688801e+00
      18.616727    1.688795e+00
      18.656727    1.688789e+00
      18.696727    1.688783e+00
      18.736727    1.688778e+00
      18.776727    1.688773e+00
      18.816727    1.688767e+00
      18.856727    1.688762e+00
      18.896727    1.688757e+00
      18.936727    1.688753e+00
      18.976727    1.688748e+00
      19.016727    1.688744e+00
      19.056727    1.688739e+00
      19.096727    1.688736e+00
      19.136727    1.688732e+00
      19.176727    1.688728e+00
      19.216727    1.688724e+00
      19.256727    1.688720e+00
      19.296727    1.688718e+00
      19.336727    1.688714e+00
      19.376727    1.688711e+00
      19.416727    1.688708e+00
      19.456727    1.688706e+00
      19.496727    1.688703e+00
      19.536727    1.688700e+00
      19.576727    1.688698e+00
      19.616727    1.688696e+00
      19.656727    1.688694e+00
      19.696727    1.688692e+00
      19.736727    1.688690e+00
      19.776727    1.688689e+00
      19.816727    1.688687e+00
      19.856727    1.688686e+00
      19.896727    1.688685e+00
      19.936727    1.688684e+00
      19.976727    1.688683e+00
      20.016727    1.688683e+00
      20.056727    1.688682e+00
      20.096727    1.688682e+00
      20.136727    1.688681e+00
      20.176727    1.688682e+00
      20.216727    1.688681e+00
      20.256727    1.688682e+00
      20.296727    1.688682e+00
      20.336727    1.688683e+00
      20.376727    1.688683e+00
      20.416727    1.688684e+00
      20.456727    1.688685e+00
      20.496727    1.688685e+00
      20.536727    1.688686e+00
      20.576727    1.688688e+00
      20.616727    1.688689e+00
      20.656727    1.688690e+00
      20.696727    1.688692e+00
      20.736727    1.688693e+00
      20.776727    1.688695e+00
      20.816727    1.688696e+00
      20.856727    1.688699e+00
      20.896727    1.688700e+00
      20.936727    1.688702e+00
      20.976727    1.688704e+00
      21.016727    1.688706e+00
      21.056727    1.688708e+00
      21.096727    1.688711e+00
      21.136727    1.688712e+00
      21.176727    1.688715e+00
      21.216727    1.688717e+00
      21.256727    1.688719e+00
      21.296727    1.688722e+00
      21.336727    1.688724e+00
      21.376727    1.688726e+00
      21.416727    1.688729e+00
      21.456727    1.688732e+00
      21.496727    1.688734e+00
      21.536727    1.688736e+00
      21.576727    1.688739e+00
      21.616727    1.688741e+00
      21.656727    1.688743e+00
      21.696727    1.688746e+00
      21.736727    1.688749e+00
      21.776727    1.688752e+00
      21.816727    1.688754e+00
      21.856727    1.688757e+00
      21.896727    1.688759e+00
      21.936727    1.688762e+00
      21.976727    1.688765e+00
      22.016727    1.688767e+00
      22.056727    1.688770e+00
      22.096727    1.688773e+00
      22.136727    1.688775e+00
      22.176727    1.688778e+00
      22.216727    1.688781e+00
      22.256727    1.688783e+00
      22.296727    1.688787e+00
      22.336727    1.688789e+00
      22.376727    1.688792e+00
      22.416727    1.688795e+00
      22.456727    1.688798e+00
      22.496727    1.688800e+00
      22.536727    1.688803e+00
      22.576727    1.688806e+00
      22.616727    1.688809e+00
      22.656727    1.688812e+00
      22.696727    1.688815e+00
      22.736727    1.688818e+00
      22.776727    1.688821e+00
      22.816727    1.688824e+00
      22.856727    1.688827e+00
      22.896727    1.688830e+00
      22.936727    1.688833e+00
      22.976727    1.688837e+00
      23.016727    1.688840e+00
      23.056727    1.688843e+00
      23.096727    1.688846e+00
      23.136727    1.688849e+00
      23.176727    1.688853e+00
      23.216727    1.688856e+00
      23.256727    1.688859e+00
      23.296727    1.688862e+00
      23.336727    1.688866e+00
      23.376727    1.688869e+00
      23.416727    1.688873e+00
      23.456727    1.688876e+00
      23.496727    1.688879e+00
      23.536727    1.688883e+00
      23.576727    1.688886e+00
      23.616727    1.688890e+00
      23.656727    1.688894e+00
      23.696727    1.688897e+00
      23.736727    1.688901e+00
      23.776727    1.688904e+00
      23.816727    1.688908e+00
      23.856727    1.688911e+00
      23.896727    1.688915e+00
      23.936727    1.688919e+00
      23.976727    1.688923e+00
      24.016727    1.688926e+00
      24.056727    1.688930e+00
      24.096727    1.688934e+00
      24.136727    1.688937e+00
      24.176727    1.688941e+00
      24.216727    1.688945e+00
      24.256727    1.688949e+00
      24.296727    1.688953e+00
      24.336727    1.688957e+00
      24.376727    1.688961e+00
      24.416727    1.688965e+00
      24.456727    1.688969e+00
      24.496727    1.688972e+00
      24.536727    1.688976e+00
      24.576727    1.688980e+00
      24.616727    1.688984e+00
      24.656727    1.688988e+00
      24.696727    1.688992e+00
      24.736727    1.688996e+00
      24.776727    1.689000e+00
      24.816727    1.689003e+00
      24.856727    1.689008e+00
      24.896727    1.689012e+00
      24.936727    1.689015e+00
      24.976727    1.689019e+00
      25.016727    1.689023e+00
      25.056727    1.689027e+00
      25.096727    1.689032e+00
      25.136727    1.689035e+00
      25.176727    1.689039e+00
      25.216727    1.689043e+00
      25.256727    1.689048e+00
      25.296727    1.689051e+00
      25.336727    1.689055e+00
      25.376727    1.689059e+00
      25.416727    1.689063e+00
      25.456727    1.689067e+00
      25.496727    1.689071e+00
      25.536727    1.689075e+00
      25.576727    1.689079e+00
      25.616727    1.689083e+00
      25.656727    1.689087e+00
