      0.000000    2.088633e+00
      0.200000    2.088699e+00
      0.400000    2.088832e+00
      0.600000    2.087907e+00
      0.800000    2.084485e+00
      1.000000    2.077668e+00
      1.200000    2.067207e+00
      1.400000    2.053382e+00
      1.600000    2.036807e+00
      1.800000    2.018262e+00
      2.000000    1.998578e+00
      2.200000    1.978556e+00
      2.400000    1.958890e+00
      2.600000    1.940155e+00
      2.800000    1.922759e+00
      3.000000    1.906963e+00
      3.200000    1.892872e+00
      3.400000    1.880465e+00
      3.600000    1.869612e+00
      3.800000    1.860117e+00
      4.000000    1.851735e+00
      4.200000    1.844215e+00
      4.400000    1.837309e+00
      4.600000    1.830799e+00
      4.800000    1.824506e+00
      5.000000    1.818291e+00
      5.200000    1.812071e+00
      5.400000    1.805805e+00
      5.600000    1.799483e+00
      5.800000    1.793134e+00
      6.000000    1.786810e+00
      6.200000    1.780568e+00
      6.400000    1.774485e+00
      6.600000    1.768626e+00
      6.800000    1.763056e+00
      7.000000    1.757830e+00
      7.200000    1.752976e+00
      7.400000    1.748522e+00
      7.600000    1.744477e+00
      7.800000    1.740835e+00
      8.000000    1.737576e+00
      8.200000    1.734667e+00
      8.400000    1.732076e+00
      8.600000    1.729764e+00
      8.800000    1.727694e+00
      9.000000    1.725823e+00
      9.200000    1.724111e+00
      9.400000    1.722536e+00
      9.600000    1.721058e+00
      9.800000    1.719667e+00
      10.000000    1.718334e+00
      10.200000    1.717056e+00
      10.400000    1.715824e+00
      10.600000    1.714632e+00
      10.800000    1.713479e+00
      11.000000    1.712370e+00
      11.200000    1.711310e+00
      11.400000    1.710299e+00
      11.600000    1.709338e+00
      11.800000    1.708429e+00
      12.000000    1.707580e+00
      12.200000    1.706791e+00
      12.400000    1.706061e+00
      12.600000    1.705390e+00
      12.800000    1.704777e+00
      13.000000    1.704214e+00
      13.200000    1.703704e+00
      13.400000    1.703242e+00
      13.600000    1.702816e+00
      13.800000    1.702433e+00
      14.000000    1.702082e+00
      14.200000    1.701763e+00
      14.400000    1.701471e+00
      14.600000    1.701196e+00
      14.800000    1.700950e+00
      15.000000    1.700715e+00
      15.200000    1.700493e+00
      15.400000    1.700289e+00
      15.600000    1.700095e+00
      15.800000    1.699908e+00
      16.000000    1.699738e+00
      16.200000    1.699571e+00
      16.400000    1.699420e+00
      16.600000    1.699272e+00
      16.800000    1.699136e+00
      17.000000    1.699011e+00
      17.200000    1.698890e+00
      17.400000    1.698774e+00
      17.600000    1.698673e+00
      17.800000    1.698578e+00
      18.000000    1.698486e+00
      18.200000    1.698408e+00
      18.400000    1.698337e+00
      18.600000    1.698265e+00
      18.800000    1.698203e+00
      19.000000    1.698146e+00
      19.200000    1.698099e+00
      19.400000    1.698051e+00
      19.600000    1.698007e+00
      19.800000    1.697967e+00
      20.000000    1.697931e+00
      20.200000    1.697889e+00
      20.400000    1.697860e+00
      20.600000    1.697831e+00
      20.800000    1.697802e+00
      21.000000    1.697776e+00
      21.200000    1.697752e+00
      21.400000    1.697726e+00
      21.600000    1.697708e+00
      21.800000    1.697687e+00
      22.000000    1.697664e+00
      22.200000    1.697651e+00
      22.400000    1.697630e+00
      22.600000    1.697619e+00
      22.800000    1.697600e+00
      23.000000    1.697591e+00
      23.200000    1.697577e+00
      23.400000    1.697565e+00
      23.600000    1.697558e+00
      23.800000    1.697547e+00
      24.000000    1.697533e+00
      24.200000    1.697529e+00
      24.400000    1.697522e+00
      24.600000    1.697519e+00
      24.800000    1.697507e+00
      25.000000    1.697501e+00
      25.200000    1.697497e+00
      25.400000    1.697494e+00
      25.600000    1.697489e+00
      25.800000    1.697482e+00
      26.000000    1.697478e+00
      26.200000    1.697475e+00
      26.400000    1.697471e+00
      26.600000    1.697468e+00
      26.800000    1.697464e+00
      27.000000    1.697464e+00
      27.200000    1.697462e+00
      27.400000    1.697457e+00
      27.600000    1.697452e+00
      27.800000    1.697452e+00
      28.000000    1.697450e+00
      28.200000    1.697446e+00
      28.400000    1.697446e+00
      28.600000    1.697446e+00
      28.800000    1.697443e+00
      29.000000    1.697443e+00
      29.200000    1.697443e+00
      29.400000    1.697439e+00
      29.600000    1.697439e+00
      29.800000    1.697439e+00
      30.000000    1.697439e+00
      30.200000    1.697439e+00
      30.400000    1.697436e+00
      30.600000    1.697436e+00
      30.800000    1.697436e+00
      31.000000    1.697436e+00
      31.200000    1.697436e+00
      31.400000    1.697432e+00
      31.600000    1.697432e+00
      31.800000    1.697432e+00
      32.000000    1.697432e+00
      32.200000    1.697432e+00
      32.400000    1.697432e+00
      32.600000    1.697432e+00
      32.800000    1.697432e+00
      33.000000    1.697432e+00
      33.200000    1.697432e+00
      33.400000    1.697432e+00
      33.600000    1.697432e+00
      33.800000    1.697432e+00
      34.000000    1.697432e+00
      34.200000    1.697432e+00
      34.400000    1.697432e+00
      34.600000    1.697432e+00
      34.800000    1.697429e+00
      35.000000    1.697429e+00
      35.200000    1.697429e+00
      35.400000    1.697429e+00
      35.600000    1.697429e+00
      35.800000    1.697429e+00
      36.000000    1.697429e+00
      36.200000    1.697429e+00
      36.400000    1.697429e+00
      36.600000    1.697429e+00
      36.800000    1.697429e+00
      37.000000    1.697429e+00
      37.200000    1.697429e+00
      37.400000    1.697429e+00
      37.600000    1.697429e+00
      37.800000    1.697429e+00
      38.000000    1.697429e+00
      38.200000    1.697429e+00
      38.400000    1.697429e+00
      38.600000    1.697429e+00
      38.800000    1.697429e+00
      39.000000    1.697429e+00
      39.200000    1.697429e+00
      39.400000    1.697429e+00
      39.600000    1.697429e+00
      39.800000    1.697429e+00
