      0.000000    2.098774e+00
      0.200000    2.098845e+00
      0.400000    2.099009e+00
      0.600000    2.098132e+00
      0.800000    2.094696e+00
      1.000000    2.087714e+00
      1.200000    2.076892e+00
      1.400000    2.062513e+00
      1.600000    2.045224e+00
      1.800000    2.025879e+00
      2.000000    2.005382e+00
      2.200000    1.984622e+00
      2.400000    1.964373e+00
      2.600000    1.945272e+00
      2.800000    1.927780e+00
      3.000000    1.912176e+00
      3.200000    1.898569e+00
      3.400000    1.886914e+00
      3.600000    1.877043e+00
      3.800000    1.868702e+00
      4.000000    1.861582e+00
      4.200000    1.855360e+00
      4.400000    1.849726e+00
      4.600000    1.844403e+00
      4.800000    1.839158e+00
      5.000000    1.833827e+00
      5.200000    1.828292e+00
      5.400000    1.822504e+00
      5.600000    1.816457e+00
      5.800000    1.810197e+00
      6.000000    1.803792e+00
      6.200000    1.797333e+00
      6.400000    1.790931e+00
      6.600000    1.784691e+00
      6.800000    1.778714e+00
      7.000000    1.773091e+00
      7.200000    1.767879e+00
      7.400000    1.763139e+00
      7.600000    1.758882e+00
      7.800000    1.755126e+00
      8.000000    1.751838e+00
      8.200000    1.749002e+00
      8.400000    1.746563e+00
      8.600000    1.744471e+00
      8.800000    1.742670e+00
      9.000000    1.741096e+00
      9.200000    1.739698e+00
      9.400000    1.738424e+00
      9.600000    1.737238e+00
      9.800000    1.736103e+00
      10.000000    1.734985e+00
      10.200000    1.733870e+00
      10.400000    1.732754e+00
      10.600000    1.731629e+00
      10.800000    1.730502e+00
      11.000000    1.729377e+00
      11.200000    1.728263e+00
      11.400000    1.727167e+00
      11.600000    1.726112e+00
      11.800000    1.725100e+00
      12.000000    1.724140e+00
      12.200000    1.723247e+00
      12.400000    1.722429e+00
      12.600000    1.721678e+00
      12.800000    1.720998e+00
      13.000000    1.720393e+00
      13.200000    1.719857e+00
      13.400000    1.719388e+00
      13.600000    1.718973e+00
      13.800000    1.718607e+00
      14.000000    1.718294e+00
      14.200000    1.718009e+00
      14.400000    1.717753e+00
      14.600000    1.717528e+00
      14.800000    1.717310e+00
      15.000000    1.717116e+00
      15.200000    1.716924e+00
      15.400000    1.716739e+00
      15.600000    1.716557e+00
      15.800000    1.716380e+00
      16.000000    1.716206e+00
      16.200000    1.716035e+00
      16.400000    1.715866e+00
      16.600000    1.715704e+00
      16.800000    1.715549e+00
      17.000000    1.715400e+00
      17.200000    1.715259e+00
      17.400000    1.715131e+00
      17.600000    1.715004e+00
      17.800000    1.714895e+00
      18.000000    1.714791e+00
      18.200000    1.714699e+00
      18.400000    1.714617e+00
      18.600000    1.714544e+00
      18.800000    1.714480e+00
      19.000000    1.714425e+00
      19.200000    1.714376e+00
      19.400000    1.714331e+00
      19.600000    1.714294e+00
      19.800000    1.714255e+00
      20.000000    1.714220e+00
      20.200000    1.714190e+00
      20.400000    1.714159e+00
      20.600000    1.714133e+00
      20.800000    1.714108e+00
      21.000000    1.714082e+00
      21.200000    1.714057e+00
      21.400000    1.714029e+00
      21.600000    1.714005e+00
      21.800000    1.713980e+00
      22.000000    1.713962e+00
      22.200000    1.713938e+00
      22.400000    1.713914e+00
      22.600000    1.713898e+00
      22.800000    1.713878e+00
      23.000000    1.713864e+00
      23.200000    1.713851e+00
      23.400000    1.713837e+00
      23.600000    1.713824e+00
      23.800000    1.713817e+00
      24.000000    1.713803e+00
      24.200000    1.713795e+00
      24.400000    1.713789e+00
      24.600000    1.713784e+00
      24.800000    1.713773e+00
      25.000000    1.713769e+00
      25.200000    1.713766e+00
      25.400000    1.713762e+00
      25.600000    1.713751e+00
      25.800000    1.713750e+00
      26.000000    1.713746e+00
      26.200000    1.713744e+00
      26.400000    1.713739e+00
      26.600000    1.713737e+00
      26.800000    1.713733e+00
      27.000000    1.713728e+00
      27.200000    1.713726e+00
      27.400000    1.713722e+00
      27.600000    1.713719e+00
      27.800000    1.713719e+00
      28.000000    1.713713e+00
      28.200000    1.713712e+00
      28.400000    1.713712e+00
      28.600000    1.713706e+00
      28.800000    1.713706e+00
      29.000000    1.713706e+00
      29.200000    1.713706e+00
      29.400000    1.713705e+00
      29.600000    1.713703e+00
      29.800000    1.713699e+00
      30.000000    1.713699e+00
      30.200000    1.713699e+00
      30.400000    1.713694e+00
      30.600000    1.713694e+00
      30.800000    1.713694e+00
      31.000000    1.713694e+00
      31.200000    1.713694e+00
      31.400000    1.713694e+00
      31.600000    1.713694e+00
      31.800000    1.713694e+00
      32.000000    1.713694e+00
      32.200000    1.713688e+00
      32.400000    1.713688e+00
      32.600000    1.713688e+00
      32.800000    1.713688e+00
      33.000000    1.713688e+00
      33.200000    1.713688e+00
      33.400000    1.713687e+00
      33.600000    1.713687e+00
      33.800000    1.713687e+00
      34.000000    1.713687e+00
      34.200000    1.713687e+00
      34.400000    1.713687e+00
      34.600000    1.713687e+00
      34.800000    1.713687e+00
      35.000000    1.713687e+00
      35.200000    1.713687e+00
      35.400000    1.713687e+00
      35.600000    1.713687e+00
      35.800000    1.713687e+00
      36.000000    1.713687e+00
      36.200000    1.713687e+00
      36.400000    1.713687e+00
      36.600000    1.713687e+00
      36.800000    1.713687e+00
      37.000000    1.713687e+00
      37.200000    1.713687e+00
      37.400000    1.713687e+00
      37.600000    1.713687e+00
      37.800000    1.713687e+00
      38.000000    1.713687e+00
      38.200000    1.713687e+00
      38.400000    1.713687e+00
      38.600000    1.713687e+00
      38.800000    1.713687e+00
      39.000000    1.713687e+00
      39.200000    1.713687e+00
      39.400000    1.713687e+00
      39.600000    1.713687e+00
      39.800000    1.713687e+00
