      0.000000    2.117290e+00
      0.200000    2.117350e+00
      0.400000    2.117374e+00
      0.600000    2.116036e+00
      0.800000    2.111633e+00
      1.000000    2.103057e+00
      1.200000    2.089990e+00
      1.400000    2.072780e+00
      1.600000    2.052233e+00
      1.800000    2.029394e+00
      2.000000    2.005434e+00
      2.200000    1.981481e+00
      2.400000    1.958568e+00
      2.600000    1.937532e+00
      2.800000    1.918987e+00
      3.000000    1.903292e+00
      3.200000    1.890564e+00
      3.400000    1.880679e+00
      3.600000    1.873337e+00
      3.800000    1.868100e+00
      4.000000    1.864442e+00
      4.200000    1.861820e+00
      4.400000    1.859705e+00
      4.600000    1.857625e+00
      4.800000    1.855193e+00
      5.000000    1.852106e+00
      5.200000    1.848174e+00
      5.400000    1.843303e+00
      5.600000    1.837488e+00
      5.800000    1.830811e+00
      6.000000    1.823410e+00
      6.200000    1.815487e+00
      6.400000    1.807261e+00
      6.600000    1.798979e+00
      6.800000    1.790885e+00
      7.000000    1.783196e+00
      7.200000    1.776122e+00
      7.400000    1.769807e+00
      7.600000    1.764360e+00
      7.800000    1.759840e+00
      8.000000    1.756248e+00
      8.200000    1.753546e+00
      8.400000    1.751656e+00
      8.600000    1.750457e+00
      8.800000    1.749818e+00
      9.000000    1.749599e+00
      9.200000    1.749649e+00
      9.400000    1.749833e+00
      9.600000    1.750019e+00
      9.800000    1.750102e+00
      10.000000    1.750002e+00
      10.200000    1.749660e+00
      10.400000    1.749040e+00
      10.600000    1.748131e+00
      10.800000    1.746941e+00
      11.000000    1.745507e+00
      11.200000    1.743867e+00
      11.400000    1.742085e+00
      11.600000    1.740219e+00
      11.800000    1.738333e+00
      12.000000    1.736499e+00
      12.200000    1.734762e+00
      12.400000    1.733181e+00
      12.600000    1.731784e+00
      12.800000    1.730612e+00
      13.000000    1.729671e+00
      13.200000    1.728963e+00
      13.400000    1.728478e+00
      13.600000    1.728201e+00
      13.800000    1.728086e+00
      14.000000    1.728123e+00
      14.200000    1.728260e+00
      14.400000    1.728467e+00
      14.600000    1.728701e+00
      14.800000    1.728926e+00
      15.000000    1.729121e+00
      15.200000    1.729258e+00
      15.400000    1.729319e+00
      15.600000    1.729301e+00
      15.800000    1.729186e+00
      16.000000    1.728993e+00
      16.200000    1.728715e+00
      16.400000    1.728373e+00
      16.600000    1.727985e+00
      16.800000    1.727556e+00
      17.000000    1.727116e+00
      17.200000    1.726679e+00
      17.400000    1.726260e+00
      17.600000    1.725884e+00
      17.800000    1.725552e+00
      18.000000    1.725273e+00
      18.200000    1.725057e+00
      18.400000    1.724901e+00
      18.600000    1.724812e+00
      18.800000    1.724771e+00
      19.000000    1.724784e+00
      19.200000    1.724833e+00
      19.400000    1.724917e+00
      19.600000    1.725013e+00
      19.800000    1.725121e+00
      20.000000    1.725225e+00
      20.200000    1.725318e+00
      20.400000    1.725390e+00
      20.600000    1.725444e+00
      20.800000    1.725469e+00
      21.000000    1.725469e+00
      21.200000    1.725435e+00
      21.400000    1.725380e+00
      21.600000    1.725306e+00
      21.800000    1.725211e+00
      22.000000    1.725106e+00
      22.200000    1.724992e+00
      22.400000    1.724880e+00
      22.600000    1.724775e+00
      22.800000    1.724672e+00
      23.000000    1.724589e+00
      23.200000    1.724516e+00
      23.400000    1.724461e+00
      23.600000    1.724428e+00
      23.800000    1.724405e+00
      24.000000    1.724405e+00
      24.200000    1.724417e+00
      24.400000    1.724437e+00
      24.600000    1.724465e+00
      24.800000    1.724502e+00
      25.000000    1.724540e+00
      25.200000    1.724572e+00
      25.400000    1.724608e+00
      25.600000    1.724638e+00
      25.800000    1.724660e+00
      26.000000    1.724671e+00
      26.200000    1.724668e+00
      26.400000    1.724668e+00
      26.600000    1.724656e+00
      26.800000    1.724636e+00
      27.000000    1.724611e+00
      27.200000    1.724582e+00
      27.400000    1.724552e+00
      27.600000    1.724524e+00
      27.800000    1.724493e+00
      28.000000    1.724468e+00
      28.200000    1.724442e+00
      28.400000    1.724427e+00
      28.600000    1.724414e+00
      28.800000    1.724399e+00
      29.000000    1.724397e+00
      29.200000    1.724399e+00
      29.400000    1.724400e+00
      29.600000    1.724407e+00
      29.800000    1.724417e+00
      30.000000    1.724427e+00
      30.200000    1.724443e+00
      30.400000    1.724454e+00
      30.600000    1.724459e+00
      30.800000    1.724470e+00
      31.000000    1.724477e+00
      31.200000    1.724486e+00
      31.400000    1.724485e+00
      31.600000    1.724482e+00
      31.800000    1.724482e+00
      32.000000    1.724476e+00
      32.200000    1.724472e+00
      32.400000    1.724464e+00
      32.600000    1.724456e+00
      32.800000    1.724445e+00
      33.000000    1.724437e+00
      33.200000    1.724429e+00
      33.400000    1.724420e+00
      33.600000    1.724419e+00
      33.800000    1.724416e+00
      34.000000    1.724409e+00
      34.200000    1.724407e+00
      34.400000    1.724410e+00
      34.600000    1.724412e+00
      34.800000    1.724411e+00
      35.000000    1.724414e+00
      35.200000    1.724420e+00
      35.400000    1.724422e+00
      35.600000    1.724424e+00
      35.800000    1.724430e+00
      36.000000    1.724432e+00
      36.200000    1.724435e+00
      36.400000    1.724435e+00
      36.600000    1.724438e+00
      36.800000    1.724438e+00
      37.000000    1.724438e+00
      37.200000    1.724436e+00
      37.400000    1.724436e+00
      37.600000    1.724430e+00
      37.800000    1.724430e+00
      38.000000    1.724428e+00
      38.200000    1.724425e+00
      38.400000    1.724421e+00
      38.600000    1.724419e+00
      38.800000    1.724416e+00
      39.000000    1.724416e+00
      39.200000    1.724416e+00
      39.400000    1.724416e+00
      39.600000    1.724416e+00
      39.800000    1.724416e+00
