      0.000000    2.097991e+00
      0.200000    2.098044e+00
      0.400000    2.098023e+00
      0.600000    2.096614e+00
      0.800000    2.092244e+00
      1.000000    2.083936e+00
      1.200000    2.071445e+00
      1.400000    2.055128e+00
      1.600000    2.035719e+00
      1.800000    2.014171e+00
      2.000000    1.991509e+00
      2.200000    1.968727e+00
      2.400000    1.946719e+00
      2.600000    1.926212e+00
      2.800000    1.907735e+00
      3.000000    1.891606e+00
      3.200000    1.877932e+00
      3.400000    1.866640e+00
      3.600000    1.857492e+00
      3.800000    1.850157e+00
      4.000000    1.844231e+00
      4.200000    1.839281e+00
      4.400000    1.834905e+00
      4.600000    1.830737e+00
      4.800000    1.826471e+00
      5.000000    1.821879e+00
      5.200000    1.816817e+00
      5.400000    1.811213e+00
      5.600000    1.805071e+00
      5.800000    1.798440e+00
      6.000000    1.791433e+00
      6.200000    1.784189e+00
      6.400000    1.776866e+00
      6.600000    1.769630e+00
      6.800000    1.762634e+00
      7.000000    1.756032e+00
      7.200000    1.749938e+00
      7.400000    1.744438e+00
      7.600000    1.739590e+00
      7.800000    1.735417e+00
      8.000000    1.731906e+00
      8.200000    1.729018e+00
      8.400000    1.726686e+00
      8.600000    1.724841e+00
      8.800000    1.723385e+00
      9.000000    1.722232e+00
      9.200000    1.721289e+00
      9.400000    1.720478e+00
      9.600000    1.719716e+00
      9.800000    1.718946e+00
      10.000000    1.718129e+00
      10.200000    1.717222e+00
      10.400000    1.716221e+00
      10.600000    1.715119e+00
      10.800000    1.713918e+00
      11.000000    1.712633e+00
      11.200000    1.711299e+00
      11.400000    1.709930e+00
      11.600000    1.708564e+00
      11.800000    1.707227e+00
      12.000000    1.705950e+00
      12.200000    1.704756e+00
      12.400000    1.703650e+00
      12.600000    1.702667e+00
      12.800000    1.701807e+00
      13.000000    1.701066e+00
      13.200000    1.700447e+00
      13.400000    1.699940e+00
      13.600000    1.699531e+00
      13.800000    1.699220e+00
      14.000000    1.698968e+00
      14.200000    1.698783e+00
      14.400000    1.698634e+00
      14.600000    1.698512e+00
      14.800000    1.698395e+00
      15.000000    1.698288e+00
      15.200000    1.698166e+00
      15.400000    1.698031e+00
      15.600000    1.697881e+00
      15.800000    1.697706e+00
      16.000000    1.697518e+00
      16.200000    1.697304e+00
      16.400000    1.697083e+00
      16.600000    1.696853e+00
      16.800000    1.696623e+00
      17.000000    1.696395e+00
      17.200000    1.696177e+00
      17.400000    1.695971e+00
      17.600000    1.695782e+00
      17.800000    1.695604e+00
      18.000000    1.695459e+00
      18.200000    1.695328e+00
      18.400000    1.695224e+00
      18.600000    1.695137e+00
      18.800000    1.695070e+00
      19.000000    1.695020e+00
      19.200000    1.694985e+00
      19.400000    1.694959e+00
      19.600000    1.694942e+00
      19.800000    1.694932e+00
      20.000000    1.694921e+00
      20.200000    1.694909e+00
      20.400000    1.694896e+00
      20.600000    1.694881e+00
      20.800000    1.694862e+00
      21.000000    1.694838e+00
      21.200000    1.694809e+00
      21.400000    1.694775e+00
      21.600000    1.694739e+00
      21.800000    1.694700e+00
      22.000000    1.694664e+00
      22.200000    1.694623e+00
      22.400000    1.694590e+00
      22.600000    1.694549e+00
      22.800000    1.694514e+00
      23.000000    1.694484e+00
      23.200000    1.694462e+00
      23.400000    1.694440e+00
      23.600000    1.694420e+00
      23.800000    1.694406e+00
      24.000000    1.694395e+00
      24.200000    1.694385e+00
      24.400000    1.694384e+00
      24.600000    1.694379e+00
      24.800000    1.694380e+00
      25.000000    1.694377e+00
      25.200000    1.694379e+00
      25.400000    1.694376e+00
      25.600000    1.694374e+00
      25.800000    1.694376e+00
      26.000000    1.694373e+00
      26.200000    1.694372e+00
      26.400000    1.694364e+00
      26.600000    1.694357e+00
      26.800000    1.694355e+00
      27.000000    1.694349e+00
      27.200000    1.694342e+00
      27.400000    1.694333e+00
      27.600000    1.694331e+00
      27.800000    1.694324e+00
      28.000000    1.694319e+00
      28.200000    1.694312e+00
      28.400000    1.694309e+00
      28.600000    1.694302e+00
      28.800000    1.694303e+00
      29.000000    1.694300e+00
      29.200000    1.694299e+00
      29.400000    1.694295e+00
      29.600000    1.694295e+00
      29.800000    1.694294e+00
      30.000000    1.694294e+00
      30.200000    1.694289e+00
      30.400000    1.694289e+00
      30.600000    1.694292e+00
      30.800000    1.694292e+00
      31.000000    1.694292e+00
      31.200000    1.694292e+00
      31.400000    1.694292e+00
      31.600000    1.694292e+00
      31.800000    1.694292e+00
      32.000000    1.694291e+00
      32.200000    1.694291e+00
      32.400000    1.694289e+00
      32.600000    1.694285e+00
      32.800000    1.694285e+00
      33.000000    1.694285e+00
      33.200000    1.694283e+00
      33.400000    1.694283e+00
      33.600000    1.694282e+00
      33.800000    1.694282e+00
      34.000000    1.694282e+00
      34.200000    1.694282e+00
      34.400000    1.694280e+00
      34.600000    1.694280e+00
      34.800000    1.694279e+00
      35.000000    1.694279e+00
      35.200000    1.694279e+00
      35.400000    1.694282e+00
      35.600000    1.694282e+00
      35.800000    1.694282e+00
      36.000000    1.694282e+00
      36.200000    1.694282e+00
      36.400000    1.694282e+00
      36.600000    1.694282e+00
      36.800000    1.694282e+00
      37.000000    1.694282e+00
      37.200000    1.694282e+00
      37.400000    1.694282e+00
      37.600000    1.694282e+00
      37.800000    1.694282e+00
      38.000000    1.694279e+00
      38.200000    1.694279e+00
      38.400000    1.694279e+00
      38.600000    1.694279e+00
      38.800000    1.694280e+00
      39.000000    1.694276e+00
      39.200000    1.694276e+00
      39.400000    1.694276e+00
      39.600000    1.694276e+00
      39.800000    1.694276e+00
